bootstrap	0 0 0 0 0 0 0 0 0.03 0 0 0 0 0 0 0 0 0 0 0 0 0 0 0.01 0 0 0 0 0 0 0 0 0 0 0 0 25.9 0 0 0 0 0 0 0 0 0 0 0 0 0.06
affix	0 0 0 0 0 0 0 0 0 0 0 0 0 0 0 0 0 0 0 0 0 0 0 0 0 44 0 0 0 0 0 0 0 0 0 0 0 0 0 0 0 0 0 0 0 0 0 0 0 0
js	0 0 0 0 0 0 0 0 0 0 0 0 0 0.01 0 0 0 0 0.01 0 0.04 0 0.14 0 0 0 0 0 0 0 0 0 0 0 0 0 0 0 0 0 0 0 0.01 0 0.4 0 0.01 0 0.01 14.37
v3	0 0 0 0 0 0 0 0 0 0 0 0 0 0 0 0 0 0 0 0 0 0 0 0 0 0 0 0 0 0 0 0 0 0 0.08 0 0 0 0 0 0.05 0 0 0 0 0 0 0 0 11.87
http	0 13.78 0 0 0 0 0 0.03 0 0 0 0 0 0 0 0 0 0 0 0.02 0 0 0 0 0 0 0 0 0.14 0.01 0 0.02 0 0 0 0 0 0 0 0 0 0 0 0 0 0 0 0 0 0
getbootstrap	0.03 0 0 0 0 0 0 0 0 0.01 0 0 0 0 0 0 0 0.01 2.89 0 1.94 0 0.01 0 0 0 0 0 0 0 0 0 0 0 0 0 0 0 7.09 0 0 0 0.01 0 0.01 0 0 0 0 0
com	0 0 0 0 0 0 0.02 0 0 0 0 0 0.01 0 0 0 0 0 0 0 0 0 0 0 0.01 0 0 0 0 0 0 0 0 0 0 0 0 0 0 0 0 0 0 0 0 0 0.01 0 0 26.95
javascript	0 0 0 0 0.01 0 0 0 0.01 0 0 0 0 0 0 0 0 0 0 0 0 0 0.02 0 0 0 0 0 0 0 0 0 0 0.01 0 0 0 0 0 0 0 0.01 0.01 0 0 0 0 0 0.01 11.92
copyright	0 0 0 0 0 0 0 0 0 0 0 0 0.32 0 0 0.01 0 0 0 0 0.04 0 0 0 0 0 0 0 0 0 0 0 0 0 0 0 0 0 0 0 0.02 0 0 0 0 0 0 0 0.01 11.6
twitter	0 0 0 0 0 0 0 0 0 0 0 0 0 0 0 0 0 0 0 0 0 0 0 0 0.01 0.01 0 0 0 0 0 0 0 0 0 0 11.96 0 0 0 0 0 0 0.01 0 0 0 0.01 0 0
inc	0 0 0 0 0 0 0 0 0 0 0 0 0 0 0 0 0 0 0 0 0 0.01 0 0 0 0 0 0 0 0 0 0 0 0 0 0 11.99 0 0 0 0 0 0 0 0 0 0 0 0 0
licensed	0 11.95 0 0 0 0 0 0 0 0 0 0 0.03 0 0 0 0 0 0 0 0 0 0 0 0 0 0 0 0 0 0.02 0 0 0 0 0 0 0 0 0 0 0 0 0 0 0 0 0 0 0
under	0 0.01 0 0 0 0 0 0 0 0 0 0 0 0 0 0 0 0 0.09 0 0 0 0 0 0 0 0 0 0 0 0 0 0 0 0 0 11.89 0 0 0 0 0 0.01 0 0 0 0 0 0 0
mit	0 0 0.01 0 0 0 0.02 0 0 0 0 0 0 0 0 0 0 0 0.08 0 0.76 0.01 0 0 0 0 0 0 0 0 0 0 0.02 0 0 0 0 0 11.04 0 0.02 0 0 0 0 0 0.01 0.03 0 0
https	0 0 0 0.01 0 0 0 0 0 0 0.02 0 0.02 0 0 0 0 0 0 0 0 0 0 0 0.01 0 0 0 0 0 0 0 0 0 0 0 12.91 0 0 0 0 0 0.01 0 0.01 0 0 0 0 0.01
github	0 0 0 0 0 0 0 0 0.02 0 0 0 0 0 0 0 0 0 0 0.01 0 0 0 0.01 0 0 0 0.03 0 0 0 0 0 0.01 0 0 0 0.01 0 0 0 0 0.01 0 0 0 0 0 0 12.9
twbs	0 12.75 0 0 0 0 0 0.18 0.04 0 0 0 0 0 0 0 0 0 0 0 0 0 0 0 0 0 0 0 0 0 0 0 0 0.01 0 0 0 0 0 0 0 0.01 0 0 0 0.01 0 0 0 0
blob	0 0 0 0.01 0.01 0 0 0 0 0 0.01 0 0 0.01 0 0.01 0 0 1.4 0 0 0 0 0 0 0 0.01 0 0 0.01 0 0.01 0 0 0 0.01 0 0.01 10.49 0 0 0 0 0 0 0.01 0 0 0 0
master	0 0 0.01 0 0 0 0 0 0 0 0 0 0.88 0 0 0 0 0 0 0 0.01 0 0 0 0.03 0 0 0 0.01 0 0 0 0 0 0 0 0.02 0 11.03 0 0 0 0 0 0 0 0 0 0.01 0
license	0.04 11.67 0 0 0 0 0 0 0 0 0 0 0 0 0 0 0 0 0 0 0 0 0.03 0 0 0.01 0.01 0 0 0 0.01 0 0 0 0 0 0 0 0.14 0 0 0.01 0 0 0.03 0 0 0 0 0.05
function	0 156.57 0 0.02 0 0 0 0 0 0 0 0 0 0.01 0 0 0 0 0 0 0.01 0 0 0 0.05 0.03 0 0 0 0 0 0 0 0 0.01 0.03 0 0 0 0 0 0 0 0.02 0 0 0 38.25 0 0
use	0 0 0 0 0 0 0 0 0 0 0 0 0 0 0 0 0.01 0 0 0.01 0 0 0 0.01 0 0 0 0 0 0 0 0.01 0 0 0 0 0 0.02 0 0 0 0 0.01 0 0 0 0 0 0 14.93
strict	0 0 0 0.01 0 0 0 0 0 0 0 0 0 0 0 0 0 0 0 0 0 0 0 0 0.01 0 0 0 0 0 0 0 0 0 0 0 0 0.02 0 0.01 0 0 0 0.09 0 0 0 0 0.01 11.85
class	0 17.89 0 0 0 0 0 0 0 0.05 0 0 0 0 0 0.01 0 0 0 0 0 0 0 0.01 0 0 0 0 0 0 0 0 0 0 0 0 0 0 0.02 0 0 0 0 0.01 0 0.01 0 0 0 0
definition	0.01 0 0 0 0 0 0 0 0 0 0 0.02 0 0 0 0 0 0.03 0.36 0.01 0 0 0 0 0 0.03 0 0 0 0 0 0 0 0 0 0 21.2 0 0.31 0 0 0 0 0 0.01 0.02 0 0 0 0
var	0 0 0 14.22 0 0 0.01 0 0 0 0 0 0 0 0 0.44 0 0 0 24.95 0 0 0 0.01 0 0 0 4.53 0.1 53.12 0 0 0 0 0 0 0 0 0 0 0 0 0 0 0 0.01 0 0.46 0 158.15
element	0 0 0 0 0 0 0 0 0 0 0 42.64 67.16 0 0 0 0.02 35.91 0.01 0 0 0 0.03 0 0 0 0 0 0 0 0 0 0 0 0 0 0.28 0 0 0 0 13.95 0 0 0 0 0 0 0 0
options	0 0 0 0 0 0 0 0 46.99 0 0 0 0 0 0 0 0 0 0 0 0 0 0 0.34 0 0 0 0 0 0.03 0.01 0 0 0 0 0 67.51 0 0.01 0.09 0 0 0 0 0 0 0.01 0 0.01 0
this	0 0 0 0 0 0 0 0 0.02 0 0 0 0 0 0 0 0 0 169.48 0 0 0 0 0.18 8.34 0 0.01 0 0 0 0 170.75 2.13 0 0 0 0 0 0 0 9.24 0 0 0.02 0 1.67 0 281.16 0 0
extend	0.01 0 0 0 0 0 0 0 0 0 0 0.03 0.07 0 0 0 0 0 0 0.01 0 0 1.3 0 0 0 0.03 0 0 0 0 3.67 0 0 0 0 10.8 0.08 0 0 0 0 0 0 0 0 0 0 0 0
defaults	0 0.02 0 0 0 0 0 0 0 0 0 0 0 0 0.02 0 0 0 0 0 14.16 0 0 0 0 0 0 0 0 0 0 0 0.01 0.01 0 0 0 0 0 0 0 0 0 0 0.01 0 0 5.77 0 0
target	0 0 0 0 0 0 0 0 0 0 0 0 0 0 0 0 0 0 0 0 0 0.94 0 0 1.47 0 0 0 0 0 0 0 0.01 0 3.83 0 0.07 0 0 0 0.06 0 0 0 0 0 0.11 0 0 48.51
on	0 0 0 0 0.8 0 0 0 0 0 0 0 0 0 0 0.02 0 0.01 0 0 0 0 0 0 0 0 0 0 0 0 0.02 0 0 0 0 0 35.15 0 0 0 0 0 0 0 0 0 0 0 0 0
scroll	0 0.04 0.15 0 0 0 0 0 0 0 0 0 0 0 0 0 0 0 0 0 8.71 0 0 0.07 0 0 0 0 0 0.03 0 0 0 0 0 0 0 0 0 0 0 0 0 0 0 0 0 0 0 0
bs	0 0 0 0 0 0 0 0 0 0 0 0 0 21.45 0 0 0 0 0 0 0 0 0.02 0.07 0 0 0.03 0 8.61 0 58.25 8.58 0 0 0 0 0 0 0 0 6.97 0.01 0.01 0 0 0 0 0 0 0
data	0 110.57 0 0 0 0.06 0 0 0 0 0 0 16.94 0 0 0 0 0 0 0 0 0 0 0 0 0 0 0 51.43 0 0 0 0 0 0 0 0 0 0 0 0 0 0 0 0 0 0 0 0 0
api	0 0 0 0 0.09 0 0 0 0 0 0 0 0 0 0 0.01 0.02 0 0 0 0 0.01 0 0 0 0 0 0 0.01 0 0 0 0 0 0 0 25.81 0 0 0 0 0.05 0 0 0 0 0 0 0 0
proxy	0 12.65 0 0 0 0 0 0 0 0 0.05 0 0 0 0 0 0 0 0 0 0 0 0 0 0 0 0 0 0 0.04 0 0 0 0 0.14 0.05 7.02 0 0 1.05 0 0 0 0.02 0 0 0 0 0.01 0.97
checkposition	0 0 0 0 0 0 0 0 0 0 0 0 0 0 0 0 0 0 0 0 0 0 0 0 0 2.64 0 0 0 0 0 0 0 0 1.36 0 0 0 0 0 0 0 0 0 0 0 0 0 0 0
click	0 0 0 0 0 0 0 0 0 0 0 0 0.16 0 0.01 0 0 0 0 0 0 0 0 0 0 0 0 0 0 0.02 0 0 0 0 0 0 0 0 0 0 0 0 0 11.25 0.01 0 0 0 0 15.55
checkpositionwitheventloop	0 0 0 0 0 0 0 0 0 0 0 0 0 0 0 0 0 0 0 0 2 0 0 0 0 0 0 0 0 0 0 0 0 0 0 0 0 0 0 0 0 0 0 0 0 0 0 0 0 0
affixed	0 0 0 0 0 0 0 0 0 0 0 0 0 0 0 0 0 0 0 0 0 0 0 0 0 7 0 0 0 0 0 0 0 0 0 0 0 0 0 0 0 0 0 0 0 0 0 0 0 0
null	0.01 0 0 0 0 0 0 0 0 0 0.1 0 0 0 0 4.52 0.01 0 0 0 36.73 0 0 0 0 0 0 0 0.02 0 0 0 0 0 0.6 0 0 0 0 0 0.01 0 0 0 0 0 0 0 0 0
unpin	0 0 0 4 0 0 0 0 0 0 0 0 0 0 0 0 0 0 0 0 0 0 0 0 0 0 0 0 0 0 0 0 0 0 0 0 0 0 0 0 0 0 0 0 0 0 0 0 0 0
pinnedoffset	0 0 0 4 0 0 0 0 0 0 0 0 0 0 0 0 0 0 0 0 0 0 0 0 0 0 0 0 0 0 0 0 0 0 0 0 0 0 0 0 0 0 0 0 0 0 0 0 0 0
version	0 0 0 0.01 0 0 0 0 0 0 0 0 0 0 0 0 0 0 0 0 0 0 0 0 0 0 0 0 0.02 0 10.9 0 0 0 0 0 0 0 0 0.01 0.01 0.01 0 0 0 0 0.01 0 0 0.03
reset	0 0 0 0 0 0 0 0 0 0 0 0 0 0 0 0 0 0 0 0 0 0 0 0 0 3 0 0 0 0 0 0 0 0 0 0 0 0 0 0 0 0 0 0 0 0 0 0 0 0
top	0 0 0 4.91 0 0 0 0 0.11 0.01 0 0 0 0 0 0 0 0 0 0 0 0 0 0 0 0 0 0.01 0 0 0 20 0 31.89 0 0.05 0 0 0 0 0 0 0 0 0.01 0 0 0.01 0 0
bottom	0 0 0 0 0 0 0 0 0 0 0 0 0 0 0 0 0 9.98 0 0 0 0 0 0 0 10 0 0 0 0.01 0.01 0 0 0 0 0 0 0 0 0 0 0 0 0 0 0 0 0 0 0
offset	0 0 0 16.05 0 0 0 0 0 0 0 0 0 0 0.01 0 0 0 0 0 0.07 0 0 0 3.94 0 0 0 0 0.02 0 0 0 14.91 0 0 0 0 0 0 0 0 0 0 0 0 0 0 0 0
window	0 0 0.01 0 0 0 0 0 0 0.27 0 0 3.02 0 0.01 0 0.01 0.02 0 0 0 0 0 0 0.97 0 0 0 0 0 0 0 0 0 7.35 0 0 0.31 0 0 0 0 0 0 0 0 0.01 0.02 0 0
prototype	0 84.55 0.29 0 0 0 0 0 0 0 0 0 0 0 0 0 0 0 0 0 0 0 0 0 0.02 0 0 0 0 0 0 0 0 0 0.13 0 0 0 0 0 0 0 0 0 0 0 0.01 0 0 0
getstate	0 0 0 2 0 0 0 0 0 0 0 0 0 0 0 0 0 0 0 0 0 0 0 0 0 0 0 0 0 0 0 0 0 0 0 0 0 0 0 0 0 0 0 0 0 0 0 0 0 0
scrollheight	0 0.03 0 2.29 0 0.04 0.01 0 0 0 0.01 0 8.01 0 0 0.05 0 0 0.06 0 0 0 0 0.06 5.32 0 0 0 0 0 0.01 0 0.06 0 0.01 0 0 0 0 0.02 0.01 0 0 0 0 0 0 0.01 0 0
height	0 0 0 0 0 0 0 0.01 0 0 0 0.07 0 0 0.04 0 0 0 0.08 0.01 0 0.04 0 0 0 0 0.13 0 0.06 0 0.13 23.38 0 0 0 0.01 0 0 0.03 0 0 0 0 0 0 0 0 0.01 0 0
offsettop	0 0 0 13 0 0 0 0 0 0 0 0 0 0 0 0 0 0 0 0 0 0 0 0 0 0 0 0 0 0 0 0 0 0 0 0 0 0 0 0 0 0 0 0 0 0 0 0 0 0
offsetbottom	0 0 0 12 0 0 0 0 0 0 0 0 0 0 0 0 0 0 0 0 0 0 0 0 0 0 0 0 0 0 0 0 0 0 0 0 0 0 0 0 0 0 0 0 0 0 0 0 0 0
scrolltop	0 0 0 10.04 0 0 0 0 0 0.01 3.63 0 0.01 0 0.04 0 0 0.03 0 0 0 0 0 0 7.01 0 0 0 0 0 0 0 0 0.18 0.01 0.01 0 0 0 0.03 0 0 0 0 0 0 0 0 0 0
position	0 0 0 0 0 0 0 0 0 0 0 0 6.9 0 0 0.01 0 0 0.07 0 0 0 0 0 0 0 0 0 0 0 0 0 0.01 0 0.01 0 0 0 0 0 0 0 0 0 0 0 0 0 0 0
targetheight	0 0 0 1.15 0 0 0 0 0 0 0 0 1.75 0 0 0 0 0 0 0 0 0 0 0 0 0.1 0 0 0 0 0 0 0 0 0 0 0 0 0 0 0 0 0 0 0 0 0 0 0 0
if	0 0 0 0 0.01 0 0 0 0 0 0 0 0 0 0 0 0 0 0.21 0 0.13 0.01 0 0 0 0 0 0 0 0 0 58 0 0 0 0 0 0 0 0 0 5.17 0 0 0 21.7 0.01 102.76 0 0
return	0 120.2 0 0 0 0 0 0 0.01 0 0 0.01 0.4 0 0 0 0 0 0.08 0 0 0 0.18 0 0 0.03 0 0 0 0.01 0 0 0 0.06 0.02 0 0 0 0 0 0 0 0 0 0 0 0 0 0 0
false	0 0 0 0 0.01 0.03 0 0.2 0 0 0 0 0 0 0 0 0 0 0 0 6.38 0.01 0 0 0 0 0 0 0.05 0 0 0 0 0 0 0 25.52 0 0 0.01 0 0 0 0 0 0.78 0 0 0.01 0
initializing	0 0 0.01 0 0 0 0 0 0 0 0 0 0 0 0 0 0 0.02 0 0 3.67 0 0 0 0 0.27 0 0 0.01 0 0 0 0 0 0 0.01 0.01 0 0 0 0 0 0 0 0 0 0 0 0 0
collidertop	0 0 0 0 0 0 0 0 0 0 0 0 0 0 0 0 0 0 0 0 0.7 0 0 0 0 0.23 0 0 0 0 0 0 0 0 1.07 0 0 0 0 0 0 0 0 0 0 0 0 0 0 0
colliderheight	0 0 0 0.12 0 0 0 0 0 0 0 0 0 0 0 0.07 0 0 0.08 0 0 0 0 0 0 0.55 0 0 0 0 0 0.97 0 0 0 0 0 0 0 0 0 0 0 0 0 0 0 0 0 0.21
getpinnedoffset	0 0 0 0 0 0 0 0 0 0 0 0 0 0 0 0 0 0 0 0 0 0 0 0 0 0 0 0 0 0 0 2 0 0 0 0 0 0 0 0 0 0 0 0 0 0 0 0 0 0
removeclass	0 0 0 0 0 0 0 0 0 0 0 0 0 0 0 0 0.01 0 0 0 0 0.03 0 0 0 0 0 0 0 0.01 2.2 0 0 0 0 0 24.72 0 0 0 0 0 0 0 0 0 0 0 0 0.03
addclass	0 0 0 0 0 0 0 0 0 0 0 0 0 0 0 0 0 0 0 0 0 0 0 0 0.01 0 0 0 0 0 28.94 0 0 0 0 0 0 0 0 0 0.04 0.01 0 0 0 0 0 0 0 0
settimeout	0 0 0 0 0 0 0 0 0 0 0 0 0 0 0 0 0 0.05 0 0 0.03 0 0 0 0 0 0 0 0 0 0 0.02 0 0 0 0 5.86 0.01 0 0 0 0 0 0 0 0 0 0 0 0.03
is	0 11.61 0 0.01 0 0 0 0 0 0 0 0 0 0 0 0 0 0 0.06 0 0 0 0 0 0 0 0 0 0 0 0 0 0 0 0 0 0 0 0 0 0 0.31 0 0 0 0.01 0 0 0 0
visible	0 0 0 0 0.01 0 0 0 0 0 0 0 0 0.03 0 0 0 0 0.01 0 0 0 0 0 0.04 0 0 0 0.01 0 3.89 0 0 0 0 0 0 0 0 0 0 0 0 0.01 0 0 0 0 0 0
math	0 0 0 0.01 0 0 0 0 0 0.07 0 0 0 0 0 0 0 0.08 0 0 0 0 0 0 0 0 0 0 0 0 4.78 0 0.48 0 0 0.57 0.01 0 0 0 0 0 0 0 0 0 0 0 0 0
max	0 0.77 0 0 0 0 0 0 0 0 0 0 0.65 0 0 0 0 0 0 0 0.21 0 0 0 0 0.01 0 0.03 0 0 0 0.32 0 0 0.01 0 0 0 0 0 0 0 0 0 0 0 0 0 0 0
document	0 0 0 0 0 0 0 0 0 0 0 0 0 0 0 0 0 0 0 0 0 0 0 0 0 0 0 0 3.15 0.04 0 0 15.38 0 0.03 0 0 0 11.39 0 0 0 0 0 0 0 0.01 0 0 0
body	0 0.03 0 0.1 0 0.38 0 0.01 0 0.02 0 0 0.01 0 0 0 0 0 0 0 0.05 0 0 0 0 0.06 0 0 0 0.01 0 0.59 20.72 0 0 0 0.01 0 0 0 0 0 0 0 0 0 0 0 0 0.01
typeof	0 0 0 0 0 0 0 0 0 0 0 0 0 0 0 0 0 0.27 0 0 0 0 0 0 0 0 0 0 0 0 0.16 0 0 0 0 0 27.57 0 0 0 0 0 0 0 0 0 0 0 0 0
object	0 0 0.04 0 0 0 0 0 0 0 0.07 0 0 0 0 0 0 0 0 0.02 0 0.01 0.01 0 0 0 0 0.01 0 0 9.37 0.44 0 0 0 0 0 0 0 0.01 0 0 0 0 0.01 0 0 0 0 0.01
css	0 0 0 0 0 0 0 1.77 0 0 0 0 0 0 0 0 0 0 0 0 0 0 0 0 0 0 0 0 0 0 0 0 0 0 12.23 0 0 0 0 0 0 0 0 0 0 0 0 0 0 0
affixtype	0 0 0 4 0 0 0 0 0 0 0 0 0 0 0 0 0 0 0 0 0 0 0 0 0 0 0 0 0 0 0 0 0 0 0 0 0 0 0 0 0 0 0 0 0 0 0 0 0 0
e	0 0 0 0 0.02 0 0 0 0 0 0 0 0 0.01 0 0 0 0 0 0 0 10.68 0 0 0 0 0 0 0 0 0 0 0 0 38.53 0 0 0 0 0 0 9.57 0 46.19 0 0 0 0 0 0
event	0 21.98 0.01 0 0 0 0 0 0 0 0 0.01 0 0 0 0 0 0 0 0 0 0 0 0 0 0 0 0 0 0 0 0 0 0 0 0 0 0 0 0 0 0 0 0 0 0 0 0 0 0
trigger	0 0 0 0 0 0 0 0 0 0 0.02 0 0 0 0 0 0 0 0 0 0 0 0 0 0 0 0 0 0 0 0 0 0.01 0.01 0 0 59.96 0 0 0 0 0 0 0 0 0 0 0 0 0
isdefaultprevented	0 0 0 0.01 0 0 0 3.69 0 0.07 0 0 0 0 0 0 0 0.09 8.87 0 0 0 0 0 0 0 0 0 0 0 0 0 0 0 1.15 0.03 0 0 0 0 0 0 0 0.09 0 0 0 0 0 0
replace	0 0 0 0 0 0 0 0 0 0 0 0 0 0 0 0.01 0 0 0 0.01 0 0 0 0 0 0.01 0 0 0 0 7.97 0 0 0 0 0 0 0 0 0 0 0 0 0 0 0 0 0 0 0
plugin	0 0 0.04 0 0 0 0 0 0 0 0 0 0 0 0 0 0 0 10.75 0 0 0 0 0 0 0 0 0 0 0 0 0.21 0 0 0 0 0 0 31 0 0 0 0 0 0 0 0 0 0 0
option	0 0 0 0 0 0 0 0 0 0 0 0 0 0 0 0 0 0 0 0 0 0 0 0 0 0 0 0 0 0 31.32 0.04 0 0 0 0 0 0 20.67 0 0 0 0 0 0 0 0 8.97 0 0
each	0 0 0 0 0 0 0 0 0 0 0 0 0 0 0 0.01 0 0 0 0 0 0 0 0 0 0 0 0 0 0 0 0 0 0 0 0 17.99 0 0 0 0 0 0 0 0 0 0 0 0 0
new	0 0 0.01 0 0 0.01 0 0 0 0 0 0 0 0 0 0.01 0 0 0 0 0 0 0 0 0 0 0 0 0 0 0 7.07 0 0 0 0 0 0 0 0 0 0 0 0 0 0.01 0 0 0.01 10.88
string	0 0 0 0.02 0 0 0 0.01 0 0 0 0.01 0 0 3.31 0 0 0 7.72 0 0 0 0 0 0 0.01 0.01 0 0 0 0 0.89 0 0 0 0 0 0 0 0 0 0 0.02 0 0 0 0 0 0 0
old	0 0 0 0 0 0 0 0 0 0 0 0 0 0 0 0 0 0 0 0 0 0 0 0 0 0 0 0 0 0 21.98 0 0 0 0 0.02 0 0 0 0 0 0 0 0 0 0 0 0 0 0
fn	0 0 0 0 0 0.01 0.02 0 0 0 0 0 3.92 0 0 0 0 0 0 0 0 0 0 0 0.02 0 0 0 0 0.19 0 0 0 0 0.01 0 0 0 55.47 0 0 0 0 0 0 0.32 0 0.04 0 0
no	0 0.03 0 0 0 0 0 0 0 0 0 0 0 0 0 0.01 0 0.03 0 0 0 0 0 0 0 0.01 0 0 0 0 0 0 0 0 0 0 10.92 0 0 0 0 0 0 0 0 0 0 0 0 0
conflict	0 0 0 0 0 0.01 0 0 0 0 0 0 0 0 0 0 0 0 0 0 0 0.02 0.02 0 0 0 0 0 0 0 0 0 0 0 0 0 10.87 0.01 0 0 0.05 0.01 0 0 0.01 0 0 0 0 0
noconflict	0.01 0 0 0.01 0.01 0 0 0 0 0 0 0 0.49 0 0.01 0 0 0 0 0 0 0.07 0.07 0 0 0.02 0 0 0 0 0 0 0.01 0 0 0 0 0.01 10.19 0.01 0 0 0 0.04 0 0.03 0.02 0 0 0
load	0.01 0 0 0.02 0 0 0 0 0 0 0 0 0 0 0 0 0 0 3.96 0 0 0 0 0 0 0.01 0 0 0 0 0 0 0 0 0 0 0 0 0 0 0 0 0 0 0 0 0 0 0 0
spy	0 0 0 0 0 0 0 0 0 0 0 0 5.87 0 0 0 0 0 0 0 0 0 0 0 0 0 0 1.25 0 0 0.01 0 0.87 0 0 0 0 0 0 0 0 0 0 0 0 0 0 0 0 0
call	0 0 0 0 0 0 0 0 0.01 0 0.01 0 0 0 0.01 0 0 0 0 0 0 0 0 0 0 0 0 0 0 0 0 0 0 0 0 0 16.97 0 0 0 0 0 0 0 0 0 0 0 0 0
jquery	0 0 0 0 0 0 0.02 0 0 0 0 0 0 0 0 0 0.01 0 0 0 0 0 0.01 0 0 0 0 0.01 0 0 0 0 0.01 0 0.83 0 0 0 12.1 0 0 0 0 0 0 0 0.01 0 0 0
alert	0 0 0 0 0 0 0 0 0 0 0 0 0 0 0 0 0 0 0 0 0 0 0 0 0 0 0 0 0 0 0 0 0 0 0 0 0 0 0 0 0 0 25 0 0 0 0 0 0 0
alerts	0.01 0.02 0 0 0 0 0 0.04 0 0 0 0 0 0.05 0 0 0 0 0.04 0 0 0 0 0 0 0 0 0 0 0 0.02 0 0 0 0 0 0.06 0 0.05 0 0 0 0.62 0.05 0 0 0 0 0 0.04
dismiss	0 0 0 0 0 0 0 0 0 0 0 0 0 13.98 0 0 0 0 0 0 0 0 0 0 0 0 0 0 0 0 0 0 0 0 0 0 0 0 0 0 0 0 0 0 0 0 0 0 0 0.02
el	18.03 0 0 0 0 0 0 0 0 0 0 0 0 0 0 0 0 0 0 0 0 0 0 0 0 0 0 1.86 0 0 0 0 0 0 0 0.02 0 0 0.02 0 0 0 0.07 0 0 0 0 0 0 0
close	0 0 0 0 0 0 0 0 0 0 0 0 0 0 0 0 0 0 0 0 0 0 0 0 0 0 0 0 0 0 0 0 0 0 0 0 0 0 0 0 0 0 4 0 0 0 0 0 0 0
transition_duration	0 0 0 0 0 0 0 13.41 0.51 0 0.01 0 0 0 0 0 0 0 0 0.04 0 0 0 0 0 0 0 0 0 0 0 0 0 0 0 0 0 0.65 0 0 0 0 0 0 0 0 0.38 0 0 0
selector	0 0 0 0 0 0 0 0 0 0 0 0 0 0 0 0 0 0 0 0 0 0 0 12.66 0 0 0 0 0 0 0 0 0 0 0 0 0 0 0 0 0 0 2.11 26.23 0 0 0 0 0 0
attr	0 0 0 0 0 0 0 0 0 0 0 0 0.01 0 0 0 0 0 0 0 0 0 0 0 0 0 0 0 0 0 0 0 0 0 0 0 35.98 0 0 0 0 0 0 0 0.01 0 0 0 0 0
href	0 0 0 0 0 0.01 0 0 0 0 0 0 0 0 0 0 0 0 27.31 0 0 0 0 1.68 0 0 0 0 0 0 0 0 0 0 0 0 0 0 0 0 0 0 0 0 0 0 0 0 0 0
s	0 0 0 0 0 0.01 0 0 0 0.02 0 0 0 0 0 0 0 0 0 0 0.02 0.01 0 0 0 0 0 0 0 0.01 0 0 0 0 0 0 7.86 0 0 0 0 0 0.01 0.05 0 0 0.01 0 0 0
strip	0 0 0 0 0 0 0 0 0 0 0.01 0 0 0 0 0.01 0 0 5.94 0 0.01 0 0 0 0 0 0 0 0 0 0 0 0 0 0 0.01 0 0.01 0 0 0 0 0.01 0 0 0 0 0 0 0
for	0 0 0 0 0 0 0.06 0 0 0 0 0 0 0 0 0 0 0 0 0 0 0 0 0 0 0 0 0 0 0 0 0 0 0 0 0 16.74 0 0 0 0.18 0 0 0 0 0.02 0 0 0 0
ie7	0 0 0 0 0 0.01 0 0.02 0 0 0.01 0 0 0 0 0 0 0 0 0 0 0 0 0 0 0 0 0 0 0 0 0 0 0 0 0 5.69 0.01 0 0 0.26 0 0 0 0 0 0 0 0 0
parent	0 0 0 0 17.38 0 0 0 0 0 0 9.29 2.03 0 0 0 0 0 3.59 0.01 0 0.01 0 0 0.02 0 0 0 0 0 0 0 0 0 0 0 0 0 0 0 0 3.48 7.58 0 0 0.61 0 0 0 0
preventdefault	0 0 0 0 0 0 0 0 0 0 0 0 0 0.06 0 0 0.02 0 0 0.01 0 0 0 0 0 0 0 0 0 0 0 0 0 0 0 0 8.86 0 0 0.04 0 0 0 0 0 0 0 0 0.01 0
length	0 0 0 0 0 0 0 0 0 0 0 0 0 0 0 0 0 0 0 0.84 0 1.69 0 0 0 0 0 0.01 0 0 0 0 0 0 0 0 0 1.21 21.25 0 0 0 0 0 0 0 0 0 0 0
closest	0 0 0 0 0 0 0 0 0 0 0 0 0 0 0 0 0 0 0 0 0 0 0 0 0 0 0 0 0 0 0 0 0 0 0 0 0 0 8.98 0 0 0 0 0 0 0.02 0 0 0 0
in	0.63 0.01 0 0 0.05 0 0.01 23.83 0 0 6.05 0 0 0 0 0 0 0 0.01 0.02 0.01 0 2.54 0 0 0 0 0 0.01 0 0 0 0 0 0.29 0 0 0 0 0 0.14 0 0 0.32 0 0.02 0 0.02 0.04 0
removeelement	0 0 0 0 0 0 0 0 0 0 0 0 0 0 0 0 0 0 0.01 0 0 0 0 0 0 0 0 0 0 0 0 0 0 0 0 0 0 0 0 0 0 0 2.99 0 0 0 0 0 0 0
detach	0 0 0 0 0 0 0 0 0 0 0.01 0 0 0 3.97 0 0 0.01 0 0 0 0 0 0 0 0 0 0 0 0 0 0 0 0 0 0 0 0 0 0 0 0 2.01 0 0 0 0 0 0 0
from	0.03 0.04 0 0 0 0 0 0.03 0 0 0 0 0 0.06 0 0 0 0 0.04 0 0 0 0 0 0 0 0 0 0.02 0 0.02 0 0 0 0 0 0.05 0 0.02 0 0 0.02 0.52 0.06 0 0 0 0.03 0 0.06
fire	0.02 0.03 0 0 0 0 0 0.02 0 0 0 0 0 0.07 0 0 0 0 0.04 0 0 0 0 0 0 0 0 0 0 0 0.02 0 0 0 0 0 0.06 0 0.02 0 0 0.03 0.62 0.05 0 0 0 0 0 0.02
then	0.11 0.01 0 0 0 0 0 0.06 0 0 0 0 0 0.07 0 0 0 0 0.02 0 0 0 0 0 0 0 0 0 0.02 0 0.02 0 0 0 0 0 0.01 0 0.08 0 0 0.01 0.46 0.06 0 0 0 0.02 0 0.05
clean	0.01 0 0 0 0 0 0 0.05 0 0 0 0 0 0.04 0 0 0.01 0 0.05 0 0 0 0 0 0 0 0 0 0 0 0.03 0 0 0 0 0 0.02 0 0.01 0 0 0.01 0.73 0.03 0 0 0 0.01 0 0
up	0 0.47 0 0 0.01 0 0 0 0 0 0 0 0 0 0 0 0 0 0 0 0 0 0 0 0 0 0 0 0 0 0.05 0 0 0 0 0 0 0 0 0 0 0.08 0.01 1.38 0 0 0 0 0 0
closed	0.07 0.02 0 0 0 0 0 0.05 0 0 0 0 0 0.03 0 0 0 0 0.03 0 0 0 0 0 0 0 0 0 0 0 0.05 0 0 0 0 0 0.01 0 0.02 0 0.01 0 0.6 0.04 0.01 0 0 0.02 0 0.04
remove	0 0 0 0 0 0.03 0 0 0 0 0 0 0 0 0 0 0 0 0.3 0 0 0 0 0 0 0 0 0 0 0 0.01 0 0 0 0 0 0.17 0 0 0.03 0.01 0 0.02 0.15 0 0.01 0 0.36 0 1.91
support	0 0 0 0 0 0 6.66 0 0 0 0 0 0 0 0 0.08 0 0 0 0 0 0 0.04 0 0 0 0 0 0 0 0 0 0 0 0 0 0 0 0 0 0 0 0.01 0 0 0 0 0 0 12.21
transition	0 0 0 0 0 0 11.53 0 0 0 0 0 0 0 0.01 0 0 0 0 0 0 1.16 0 0 0 0 0.01 0 0 0 0 0 0 0 0 0 0 0 15.21 0 0.08 0 0 0 0 0 0 0 0 0
hasclass	0 0 0 0 0.05 0 0 0 0 0.18 0.03 0 0 0 0 0 0 0 0 0 0 0 0 0 0 0 0.04 0 0 0 0 0 0 0 0 0 0.01 0 0 0 0 0 0 0.04 0 0 0 0 0 25.65
fade	0 0 0 0 0 0 0 0 0 0.19 0 0 0 0 0 0 0 0 0 0 0 0 0 0 0 0 0 0 0 0 0 0 0 0 0 0 0 0 0 0 0 0 0 0 0 0 0 0 0 13.81
one	0.01 0 0 0 0 0 0.11 13.08 0 0 0 0 0 0.21 0 0 0.75 0 0 0 0.19 0 0 0 0 0 0 0 0 0 0 0 0 0 1.65 0 0 0 0 0 0 0 0 0 0 0 0 0 0 0
bstransitionend	0 0 0 0 0 0 0 0 0 0 0.07 0.04 0 0 0 0 0 0.05 7.09 0 0 0.02 0 0 0 0 0 0 0 0.02 0 0 5.69 0.01 0 0 0 0 0 0 0 0 0.01 0 0 0 0 0 0 0
emulatetransitionend	0 6.66 0 0 0 0 0 0 0.01 0 0 0 0 0 0 0 0 0 0 0 0 0 0.01 0 0 0 0 0 0 0 0 0 0 0 0 0.01 0 0 0 0 0 0 0 0 0 0 0 5.31 0 0
button	0 0 0 0 0 0 0 0 0 0 0 0 0 0 0 0 0 0 0 0 0 0 0 0 0 0 0 0 0 0 0 0 0 0 0 0 0 0 0 0 0 25 0 0 0 0 0 0 0 0
buttons	0.19 0 0 0 0 0 0 0 0 0 0 0 0 0 0 0 0 0 0 0 0 0 0 0 0 0 0 0 0 0 0 0 0 0 0 0 0 0 0 0 0 0 0 0 0 0 0 0 1.81 0
public	0.02 0 0 0 0 0 0 0 0 0 0.03 0 0 0 0 0 0 0 0 0 0 0 0 0 0 0 0 0 0 0 0 0 0 0 0 0 3.94 0 0 0 0 0 0 0 0 0 0 0 0.01 0
isloading	0 0 0 0 0 0 0 0 0 0 0 0 0 0 0 0 0 0 0 0 0 0 0 0 0 0 0 0 0 0 0 0 0 0 0 0 0 0 0.43 0 0 0 0 0 0 0 0 0 3.57 0
loadingtext	0.45 0 0 0 0 0 0 0 0 0 0 0 0 0 0 0 0 0 0 0 0 0 0 0 0 0 0 0 0 0 0 0 0 0 0 0 0 0 0 0 0 0 0 0 0 0 0 0 1.55 0
loading	0.07 0.01 0 0 0 0 0 0 0 0 0 0 0 0 0 0 0 0 0 0 0.03 0 0.07 0 0 0 0 0.01 0.07 0 0.03 0 0 0 0 0 0 0 0.08 0 0 0.26 0 0 0 0 0 0.02 0.31 0.04
setstate	0.69 0 0 0 0 0 0 0 0 0 0 0 0 0 0 0 0 0 0 0 0 0 0 0 0 0 0 0 0 0 0 0 0 0 0 0 0 0 0.31 0 0 1 0 0 0 0 0 0 0 0
state	0 0 0 0 0 0 0 0 0 0 0 0 0 0 0 0 0 0 0 0 0 0 0 0 0 0 0 0 0 0 0 0 0 0 0 0 0 0 6 0 0 0 0 0 0 0 0 0 0 0
d	0 0 0 0 0 0 0 0 0 0 0 0 0 0 0 0 0 0 0 0 0 0 0.03 0 0 0 0 0 0 0 0 0 0 0 0 0 0 0 0 0 0 5.97 0 0 0 0 0 0 0 0
disabled	0.06 0 0 0 0 0 0 0 0.01 0 0 0 0 0.07 0 0 0 0 0 0 0 0 0.01 0 0 0 0 0 1.96 0 0.1 0 0 0 0 0 0.02 0 0.01 0 2.99 0.61 0 0 0 0 0 0 0.16 0
val	0 0 0 0 0 0 0 0 0 0 0 0 0 0 0 0 0 0 0 0 0 0 0 0 0 0 0 0 0 0 0 0 0 0 0 0 0 0 0 0 0 0 0 0 0 0 0 0 4 0
input	0.81 0 0 0 0 0 0 0 0.01 0 0 0 0.01 0 0 0 0.04 0 0.01 1.19 0.03 0.01 0 0 0 0 0 0 7.65 0 0.01 0 0 0 0 0 0 0.05 0 0 0.02 0 0 0 0 0.01 0.05 0 4.1 0
html	0.67 0 2.61 0 0 0 0 0 0 0 0 0 0 0 0 0 0 0 0 0 0.01 0 0.01 0 0 0 0 0 0.08 0 0.02 0 0 0 0 0 0.04 0 0 0 0 0.22 0 0 6.18 0 0 0.01 0.15 0
text	0.04 0 0 0 0 0 0 0 0 0 0 0 0 0 0.98 0 0 0 0 0 0 0 0.01 0 0 0 0 0 0.01 0 0 0 0.01 0.01 0 0 0 0 2.68 0 0 0.12 0 0 0 0 0 0 0.09 0.05
resettext	0 0 0 0 0 0 0 0 0 0 0 0 0 0 0 0 0 0 0 0 0 0 0.52 0 0 0 0 0 0.57 0 0 0 0 0 0 0 0 0 0 0 0 0 0 0 0 0 0 0 0.91 0
push	0.03 0.01 0 0 0 0 0 0 0 0 0 0 0 0 0 0.01 0 0 0 0 0 0 0.03 0 0.98 0 0 0.41 0.03 0 0.01 0 0 0 0 0 0.38 0 0.78 0 0 0.14 0 0 0 0 0 0.02 0.17 0
to	0.01 0 0.02 0 0.01 0 0 0 0 0 0 0 0.23 0.14 1.88 0 0 0 0.76 0 0 0 0 0 0 0 0 0 0 0 0 0 0 0.04 0 0 0 0 0.02 0.64 0 3.79 0 2.58 0 0 5.88 0 0 0
loop	0.02 0.59 0 0 0 0.02 0 0 0.01 0 0.01 0 0.04 0.02 0 0.05 0 0 0 0 0.02 0 0 0 0 0 0 0 0.02 0 0 0 0.06 0 0.02 0 0.66 0 0.05 0 0 0.11 0 0 0 0 0 0.23 0.07 0
allow	0.08 0 0 0 0 0 0 0 0.01 0 0 0 0 0 0 0 0 0 0 0 0.01 0 0.07 0 0 0 0 0.01 0.04 0 0.02 0 0 0 0 0 0 0 0.02 0 0 0.37 0 0 0.01 0 0 0 0.36 0
forms	0.14 0.02 0 0 0 0 0 0 0 0 0 0 0 0 0 0 0 0 0 0 0.02 0 0.05 0 0 0 0 0 0.04 0 0.03 0 0 0 0 0 0.03 0 0.05 0 0 0.27 0 0 0 0 0 0.02 0.29 0.04
submit	0.1 0.02 0 0 0 0 0 0 0 0 0 0 0 0 0 0 0 0 0 0 0.01 0 0.07 0 0.01 0 0 0 0.09 0 0.02 0 0 0 0 0 0.01 0 0.07 0 0 0.31 0 0 0.02 0 0 0.02 0.23 0.02
true	0 0 0 0 0 0 0.01 0 0 0 0 0 0 0 0 0 0 0.11 0 0 0 0 0 0 0 0 0 0 0 0 0 0 0 0.01 0 0 0 0 0.01 0 0 0 0 0 0 0 0 18.04 0 5.82
else	0 0 0.03 0 0 0 0 0 0 0 0 0.02 0 0 0 0 0 0.29 0 0 0 0 0 0 0 0 0 0 0.03 0.4 0 0 0 0 0 0 0 0 0 0 0 0 0 0 0 0 0 20.23 0 0
removeattr	0 0 0.01 0 0 0 0 0 1.13 0 0 0 0 0 0.01 0 0 0 0 0 0.01 0 0.01 0 0 0 0 0 0.03 0.03 0.01 0 0 0 0 0.01 0.52 0 0.11 0 0 0.05 0 0 0 0 0 0 0.04 0.03
toggle	0 0 0 0 0.12 0 0 0 0 0 0 0 0 3.7 0 0 0 0 0 0 0 0 0 0 0 0 0 0 33.17 0 0 0 0 0 0 0 0 0 0 0 0 0 0 0 0 0.01 0 0 0 0
changed	3.96 0 0 0 0 0 0 0 0 0 0 0 0 0 0 0 0 0 0 0 0 0 0.04 0 0 0 0 0 0 0 0 0 0 0 0 0 0 0 0 0 0 0 0 0 0 0 0 0 0 0
find	0 0 0 0 0 0 0 0 0 0 0 0 0 1.81 0 0.01 0 0 0 0 0 0 20.62 0 0 0 0 0 0.21 0 0 0 0 0 0 3.85 0 0 0 0 0 0 0 0 0 0.48 0.02 0 0 0
prop	0 0 0 0 0 0 0 0 0 0 0 0 0 0 0 0 0 0 0 0 0 0 0 0 0 0 0 0 0 0 0 0 0 0 0 0 0 0 0 0 0 5 0 0 0 0 0 0 0 0
type	0 0 0 0 0.01 0 0 0 33.2 0 0 0 0 0 0 0 0 0 0 0 0 0 2.73 0 0 0 0 0 0 0 0 0 0 0 0 0 0.05 0 0.02 0 0 0 0 2.97 0 0.01 0 0.01 0 0
radio	0 0 0 0 0 0 0 0 0 0 0 0 0 0 0 0 0 0 0 0 0 0 0 0 0 0 0 0 0 0 0 0 0 0 0 0 0 0 0 0 0 0 0 0 0 0 0 0 2 0
checked	0 0 0 0 0 0 0 0 0 0 0 0 0 0 0 0 0 0 0 0 0 0 0 0 0 0 0 0 0 0 0 0 0 0 0 0 0 0 0 0 0 0 0 0 0 0 0 0 3 0
active	0 0 0 0 0 0 0 0 0 0 0 0 0 0 0 0 0 0 0 0 0 0 0 20.43 0 0 0 0 0 0 0 0 0 0 0 0 0 0.35 10.78 0 0 0 0 0 0 0 21.17 0 1.27 0
checkbox	0 0 0 0 0 0 0 0 0 0 0 0 0 0 0 0 0 0 0 0 0 0 0.2 0 0 0 0 0 0 0 0 0 0 0 0 0 0 0 0 0 0 0.46 0 0 0 0 0 0 1.34 0
toggleclass	0 0 0 0 0 0 0 0 0 0 0 0 0 0 0 0 0 0 0 0 0 0 0 0 0 0 0.01 0 4.99 0 0 0 0 0 0 0 0 0 0 0 0 0 0 0 0 0 0 0 0 0
change	0.23 0 0 0 0 0 0 0 0 0 0 0 0 0 0 0 0 0 0 0 0.04 0 0.06 0 0 0 0 0 0.1 0 0.01 0 0 0 0 0 0.01 0 0.05 0 0 0.25 0 0 0 0 0 0.01 0.23 0.01
aria	0 0 0 0 0 0 0 0.01 0.01 0.05 0 0 0 0 0 0 0 0 0 0 0.01 0.01 0 0 0 0 0 0 13.87 0 0 0 0 0.02 0 0 0 0 0 0 0 0 0 0 0 0 0 0.02 0 0
pressed	0.15 0 0 0 0 0 0 0 0.04 0 0 0 0 0 0 0 0 0 0 0 0.06 0 0.06 0 0 0 0 0 0.06 0 0.03 0 0 0 0 0 0 0 0.04 0 0 0.29 0 0 0 0 0 0.05 0.2 0.02
btn	0 0 0 0 0 0 0 0 0 0 0 0 0 0 0 0 0 0 0 0 0 0 1.8 0 0 0 0 0 0 0 0 0 0 0 0 0 0 0 0 0 0 0 0 0 0 0 0 0 6.2 0
focus	0 0 0 0 0 0 0 0 0 0 13.14 0 0 0 0 0.15 0 0 0 0 0 0 0 0 0 0 0 0 0 0 0 0 0.01 0 0 0 0 0 0.01 0.01 0 3.44 0 0 0 0.24 0 0 0 0
blur	0.09 0.01 0 0 0 0 0 0 0 0 0 0 0 0 0 0 0 0 0 0 0.01 0 0.04 0 0 0 0 0 0.12 0 0.01 0 0 0 0 0 0.01 0 0.07 0 0 0.29 0 0 0 0 0 0.04 0.3 0.01
test	0 0 0 0 0 0 0 0 0 0 0 0 0 0 0 0 0 0.01 0 0 0 0 0 0 0 0 0 0 0 0 0 0 0 0 0 0 13.55 0 0 0 0 0 0 0 0 0.44 0 0 0 0
carousel	0 0 0 0 0 0 0 0 0 0 0 0 0 0 0 0 0 0 0 0.08 0 0 0 0 0 0 0 0 0 0 0 0 0 0 0 0 0 0 0 0 0 0 0 0 0 0 44.92 0 0 0
indicators	0 0 0 0 0 0 0 0 0 0 0 0 0 0 0 0 0.08 0 0 0 0 4.92 0 0 0 0 0 0 0 0 0 0 0 0 0 0 0 0 0 0 0 0 0 0 0 0 0 0 0 0
paused	0 0 0 0 0 0 0 0 0 0 0 0 0 0 0 0 4 0 0 0 0 0 0 0 0 0 0 0 0 0 0 0 0 0 0 0 0 0 0 0 0 0 0 0 0 0 0 0 0 0
sliding	0 0 0 0 0 0 0 0 0 0 0 0 0.01 0 0 0 2.59 0 0 0 0 0 0 0 0 0 0 0 0 0 0 0 0 0 0 0 0 0 0 0 0 0 0 0 0 0 5.4 0 0 0
interval	0 0 0 0 0 0 0 0 0 0 0 0 0 0 0 0 11.98 0 0 0 0 0 0 0 0 0 0 0 0 0 0 0 0 0 0 0 0 0 0 0 0.02 0 0 0 0 0 0 0 0 0
items	0 0 0 0 0 0 0 0 0 0 0 0 0 0 0 0 0 0 0 13 0 0 0 0 0 0 0 0 0 0 0 0 0 0 0 0 0 0 0 0 0 0 0 0 0 0 0 0 0 0
keyboard	0 0 0 0 0 0.04 0 0 0 0 0 0 0 0.49 0 0.03 0.38 0 0 0 0 0 0 0 0 0 0 0 0 0 0 0 0 0 0 0 0 0 0 0 3.05 0 0 0 0 0 0 0.01 0 0
keydown	0 0 0 0 0 0 0 0.01 0.01 0 0 0 0 0 0 0 0 0 0 0 0 0 0 0 0 0 0 0 0 0 0 0 0 0 0 0 0 0 0 0 9.98 0 0 0 0 0 0 0 0 0
pause	0 0 0 0 0 0 0 0 0 0 0 0 0 0 0 0 0 0 0 0 0 0 0 0 0 0 0 0 0 0 0 0 0 0 0 0 0 7 0 0 0 0 0 0 0 0 0 0 0 0
hover	0 0 0 0 0 0 0 0 7.97 0 0 0 0 0 0 0 0 0 0 0.01 0 0.02 0 0 0 0 0 0 0 0 0 0 0 0 0 0 0 0 0 0 0 0 0 0 0 0 0 0 0 0
ontouchstart	0 0.04 0 0 0.02 0 0 0 0 0 0 0 0 0 0 0 0 0 0 0.88 0 0.04 0.16 0 0 0 0 0 0.16 0 0 0 0 0 0 0 0 0 0 0 0.12 0 0 0.01 0 0.44 0.02 0.01 0 0.1
documentelement	0 0 0 0 0.01 0 0.02 0 0 0.08 0 0 0 0 0 1.66 0.01 0.03 0 0.28 0.14 0.02 0 0.37 0.03 0 0 0.07 0 0 0.01 0 0.01 0 0.03 0.04 3.87 0.04 0.02 0 0.16 0 0 0.01 0 0.02 0.01 0 0 0.06
mouseenter	0 0.11 0.01 0 0 0 0 0 0.05 0.02 0.02 0 0.01 0 0.01 0 0.01 0.02 0 0.02 0.25 0.02 0 0 0 0 0 0 0.01 0.03 0 0 0 0.03 0 0 0 0.03 0.03 0 0.02 0 0 0 0 0 0.03 0.95 0 0.32
mouseleave	0 0 0.02 0 0 0 0 0.01 0.26 0.01 0.04 0 0 0 0 0.01 0.07 0.04 0.01 0 0.53 0.03 0.01 0 0 0 0 0 0 0.03 0.15 0.03 0.01 0.03 0.01 0.04 0 0.06 0 0 0.01 0 0 0.02 0 0 0.07 0.5 0 0
cycle	0 0 0 0 0 0 0 0 0 0 0 0 0 0 0 0 0 0 0 0 0 0 0 0 0 0 0 0 0 0 0 0 0 0 0 0 0 0 0 0 6 0 0 0 0 0 0 0 0 0
wrap	0 0 0 0 0 0 0 0 0 0 0 0 0 0 0 0 0 0 0 0 0 0.05 0 0 0 0 0 0 0 0 0 0 0 0 0 0 0 0 0 0 0 0 0 0 0 0 1.95 0 0 0
textarea	0 0 0 0 0 0 0 0 0 0 0 0 0 0 0 0 0 0 0.17 0 0 0 0 0 0 0 0 0 0 0 0 0 0 0 0 0 0 0 0 0 2.77 0 0 0.06 0 0 0 0 0 0
i	0 0 0 0 0.13 0 0 0 0 0 0.02 0 0 0 0 0 0 0 0 0.43 0 0 0 0 0 0 0.01 0 0 0 0 0 0 0 0 15.02 0 0 0 0 2.37 0 0 0 0 0 0.01 0.01 0 0
tagname	0 0.01 0.05 0 0 0 0 0.02 0.08 0.05 0.01 0 0 0 0.05 0.02 0.04 0.07 0.01 0.31 0.01 0.02 0.01 0 0 0 0 0 0 0.11 0.04 0 0.01 0.06 0.03 0.06 0 0.04 0.02 0 0.91 0 0 0.67 0 1.17 0.03 0.02 0 0.07
switch	0 0.03 0 0 0 0 0 0.01 0.04 0 0 0 0.03 0 0 0 0.1 0 0.02 0.09 0.03 0.12 0.05 0 0 0 0 0 0 0 0.04 0 0 0 0.01 0 0.01 0.17 0.01 0 0.05 0 0 0 0 0 0.17 0.01 0 0.01
which	0 0 0 0 1.06 0 0 0 0 0 0 0 0 0 0 0 0 0 7.6 0 0 0 0 0 0 0 0 0 0 0 0 0 0 0 0 0 0 0 0 0 0 0 0 0.33 0 0 0 0.01 0 0
case	0 0 0 0 0 0 0 0 0 0 0 0 0 0 0 0 0.84 0 0 0 0.51 0 0 0 0 0 0 0 0 0 0 0 0 0 0 0 0 0 0 0 0.09 0 0 0 0 0 0.56 0 0 0
prev	0 0 0 0 0 0 0 0 0 0 0 0 0 0 0 0 7 0 0 0 0 0 0 0 0 0 0 0 0 0 0 0 0 0 0 0 0 0 0 0 0 0 0 0 0 0 0 0 0 0
break	0 0 0 0 0 0 0 0 0 0 0 0 0 0 0 0 1.06 0 0 0 0 0 0.94 0 0 0 0 0 0 0 0 0 0 0 0 0 0 0 0 0 0 0 0 0 0 0 0 0 0 0
next	0 0 0 0 0 0 0 0 0 0 0 0 0 0 0 0 14.74 0 0 0 0 0 3.29 0.24 0 0 0 0 0.15 0 0 0 0 0 0 0 0 0 0 0 3.57 0 0 0 0 0 0 0 0 0.01
default	0.01 0.02 0 0 0 0 0 0.01 0.04 0 0 0 0.05 0 0 0 0.18 0 0.01 0.09 0.01 0.09 0.09 0 0 0 0 0 0.02 0 0.03 0 0 0 0 0 0 0.14 0.01 0 0.07 0 0 0 0 0.02 0.1 0.01 0 0
clearinterval	0 0 0 0 0 0 0 0 0 0 0 0 0 0 0 0 0.4 0 0 0 0 0 0 0 0 0 0 0 0 0 0 0 0 0 0 0 0 1.6 0 0 0 0 0 0 0 0 0 0 0 0
setinterval	0 0.03 0 0 0 0 0 0 0.02 0 0 0 0.02 0 0 0 0.07 0 0.02 0.09 0.02 0.08 0.1 0 0 0 0 0 0 0 0.03 0 0 0 0.01 0 0.03 0.2 0.02 0 0.04 0 0 0 0 0.02 0.16 0.02 0 0.02
getitemindex	0 0 0 0 0 0 0 0 0 0 0 0 0 0 0 0 0 0 0 0 0 4 0 0 0 0 0 0 0 0 0 0 0 0 0 0 0 0 0 0 0 0 0 0 0 0 0 0 0 0
item	0 0 0 0 0 0 0 0 0 0 0 0 0 0 0 0 0 0 0 0 0 6 0 0 0 0 0 0 0 0 0 0 0 0 0 0 0 0 0 0 0 0 0 0 0 0 0 0 0 0
children	0 0.02 0 0 0 0 0 0 0 0 0.04 0 0 0 0.08 0 0 0.03 0 0 0.02 4.28 0.06 0 0 0 0 0 0 0 0.01 0.06 0 0 0 0 0 0 0.03 0 0 0 0 0 0.35 0 0 0 0 0.02
index	0 0 0 0 0 0 0 0 0.01 0 0 0 0.01 0 0 0 0.02 0 0.01 0.1 0.01 0.06 0.04 0 0 0 0 0 0 0 0 0 0 0 0 0 0.01 0.05 0.01 0 0.01 0 0 0 0 9.62 0.04 0 0 0
getitemfordirection	0 0 0 0 0 0 0 0 0 0 0 0 0 0 0 0 0 0 0 0 0 0 0 0 0 0 0 0 0 0 0 0 0 0 0 0 0 0 0 0 0 0 0 0 0 0 2 0 0 0
direction	0 0 0 0 0 0 0 0 0 0 0 0 0 0 0 0 0.02 0 0 12.97 0 0.01 0 0 0 0 0 0 0 0 0 0 0 0 0 0 0 0 0 0 0 0 0 0 0 0 0 0 0 0
activeindex	0 0 0 0 0 0 0 0 0 0 0 0 0 0 0 0 0 0 0 0 0 0 0 0 0 0 0 0 0 0 0 0 0 0 0 0 0 6.99 0 0 0 0 0 0 0 0 0.01 0 0 0
willwrap	0 0 0 0 0 0 0 0 0 0 0 0 0 0 0 0 0 0 0 0 0 0 0 0 0 0 0 0 0 0 0 0 0 0 0 0 0 0 0 0 0 0 0 0 0 0 2 0 0 0
delta	0 0 0 0 0 0 0 0 0 0 0 0 0 0 0.01 0 0 0 0 0.23 0 0.5 0 0 0 0 0 0 0 0 0 0 0 15.02 0 0 0 0 0 0 0.06 0 0 0 0 0 1.18 0 0 0
itemindex	0 0 0 0 0 0 0 0 0 0 0 0 0 0 0 0 0.07 0 0 0.44 0 1.31 0 0 0 0 0 0 0 0 0 0 0 0 0 0 0 0 0 0 0.18 0 0 0 0 0 0 0 0 0
eq	0 0 0 0 0.03 0 0 0 0 0 0.01 0 0 0.03 0 0 0 0 0.01 1.87 0 0 0 0 0 0 0 0 0 0 0.01 0 0 0 0 0 0 0.37 0 0 0.02 0 0 0.03 0 0.62 0 0 0 0
pos	0 0 0 0 0 0 0 0 32.99 0 0 0 0 0 0 0 0 0 0 0 0 0 0 0 0 0 0 0 0 0 0 0 0 0 0 0 0 0 0 0 0 0 0 0 0 0 0 0 0 0.01
that	0 0.01 0 0 0 0 0 0 0 0.09 0 0 0 0 0 0 4.99 0 0 0 0 0 0 0 3 0 0 0 0 19.91 0 0 0 0 0 0 0 0 0 23 0 0 0 0 0 0 0 0 0 0
slid	0 0 0 0 0 0 0 0 0 0 0 0 0 0 0 0 0 0 0 0 0 0 0 0 0 0 0 0 0 0 0 0 0 0 0 0 0 0.61 0 0 0 0 0 0 0 0 3.39 0 0 0
yes	0 0.31 0 0 0 0 0 0 0 0 0 0 0 0 0 0 0 0 0 0.27 0 0 0 0 0 0 0 0 0 0 0 0 0 0 0 0 0.07 0 0 0 0 0 0 0 0 0 1.35 0 0 0
slide	0 0.04 0 0 0 0.1 0.03 0.04 0 0 0.01 0 0.05 0.11 0 0.07 0.04 0 0.01 0 0 0 0 0 0 0 0 0 0 0 0 0 0.05 0 0.03 0 0 10.27 0.02 0.06 0 0 0 0 0 0.02 0 0.05 0 0
end	0 0.01 0 0 0 0 0.33 0.08 0 0 0 0 0 0 0 0 0 0 0 0 0 0 0.02 0 0 0 0.01 0 0 0 0.01 0 0 0 0 0 0 0 0 0 0 0 0 0 0 0 0 0 0 8.54
iscycling	0 0 0 0 0 0 0 0 0 0 0 0 0 0 0 0 3 0 0 0 0 0 0 0 0 0 0 0 0 0 0 0 0 0 0 0 0 0 0 0 0 0 0 0 0 0 0 0 0 0
left	0 0.41 0 0 0 0.01 0 0.01 0 37.88 0 0 0 0.01 0 0.03 0 0 0 0 0 0 0 0 0 0 0 0 0 0 0.31 0 0 0 0.36 0 0 0.03 0 0.01 0.92 0 0 0 0.01 0 0.01 0 0 0
right	0 0.54 0 0 0 0 0 0 0 0.12 14.48 0 0.02 0 0.02 0 0.1 0 0 0.09 0 0.07 0.2 0 0 0 0 0 0 0.12 0.05 0.01 0 0 0 0 0 0.07 0 0 0.06 0 0 0 0 0.01 0.04 0 0 0
relatedtarget	0 0.01 0 0 0 0 0 0 0 0 0 0.01 0.05 0 0 0 0 0 0 0 0 0 0.07 0 0 0 0 0 0 0 0 0 0 0 0 0 0 0 0 0.01 18.85 0 0 0 0 0 0 0 0 0
slideevent	0 0 0 0 0 0 0 0 0 0 0 0 0 0 0 0 0 0 0 0.16 0 0 0 0 0 0 0 0 0 0 0 0 0 0 0 0 0 0 0 0 0 0 0 0 0 0 2.84 0 0 0
nextindicator	0 0 0 0 0 0 0 0 0 0 0 0 0 0 0 0 3 0 0 0 0 0 0 0 0 0 0 0 0 0 0 0 0 0 0 0 0 0 0 0 0 0 0 0 0 0 0 0 0 0
slidevent	0 0 0 0 0 0 0 0 0.01 0 0 0 0 0 0 0 0.94 0 0 0 0.02 0.76 0 0 0 0 0 0 0 0 0 0 0 0 0 0 0 0 0 0 0 0 0 0 0 0 1.27 0 0 0
offsetwidth	0 8.88 0 0 0 0 0 0 0 0.01 0 0 0 0 0 0 0 0.01 0 0 0 0 0 0 0 0 0 0 0 0 0 0 0.09 0 0 0 0 0 0 0 0.01 0 0 0 0 0 0 0 0 0
force	0 0 0 0 0 0 0 0.02 0 0 0 0 2.71 0 0 0 0.01 0 0.01 0 0 0.01 0 0 0 0 0 0 0 0 0 0 0.02 0 0 0 0.01 0 0 0.13 0.06 0 0 0 0 0 0.01 0.01 0 0
reflow	0 0 0 0 0 0 0 0 0 0 0 0 0 0 0 0 0 0 2.41 0 0 0 0 0 0 0 0 0 0 0 0 0 0.02 0 0 0 0 0 0 0 0.12 0 0 0.01 0 0 0.01 0 0 1.43
join	0 0 0 0 0 0 0 0 0 0 0 0.02 0 0 0 0 0 0 0 1.36 0 1.34 0.26 0 0 0 0.01 0 0.01 0 0 0 0 0 0 0 0 0 0 0 0 0 0 0 0 0 0 0 0 0
action	0 0 0 0 0 0 0 0 0 0 0 0 0 0 0 0 0 0 0 0 0 0 0 0 0 0 0 0 0 0 0 0 0 0 0 0 0 0 0 0 0 0 0 0 0 0 3 0 0 0
number	0.01 0 0.02 0 0 0 0 0 0.71 0.01 0 0 0.01 0 0.03 0 0.05 0.03 0.01 0 0.67 0.03 0.01 0 0 0 0 0 0 0.01 0.2 0.02 0 0.02 0.02 0 0 0.02 0 0 0.02 0 0 0.01 0 0 0.02 0.07 0 0
clickhandler	0 0 0 0 0 0 0 0 0 0 0 0 0 0 0 0 0 0 0 0 0 0 5.17 0 0 0 0 0 0 0 0 0 0 0 0 0 0 0 0 0 0 0 0 0 0 0.01 0.04 0.78 0 0
slideindex	0 0 0 0 0 0 0 0 0 0 0 0 0 0 0 0 0 0 0 4 0 0 0 0 0 0 0 0 0 0 0 0 0 0 0 0 0 0 0 0 0 0 0 0 0 0 0 0 0 0
ride	0 0.01 0 0 0 0 0 0 0.02 0 0 0 0.03 0 0 0 0.16 0 0.02 0.09 0 0.09 0.01 0 0 0 0 0 0 0 0.01 0 0 0 0 0 0.02 0.13 0 0 0.11 0 0 0 0 0 0.2 0.07 0 0.03
collapse	0 0 0 0 0 0 0 0 0 0 0 0.03 0 0 0 0 0 0 0 0 0 0 0 0 0 0 44.97 0 0 0 0 0 0 0 0 0 0 0 0 0 0 0 0 0 0 0 0 0 0 0
id	0 0 0 0 0 0 0 0 0.03 0 0.02 0 0 0 0.03 0 0 0.02 0 0 0.74 0.2 0 0 0 0 0 0 1.91 0.02 0 0.01 0 0.01 0.01 0 0 0 0 0 0 0 0 0 0 0 0 0 0 0
transitioning	0 0 0 0 0 0 0 8 0 0 0 0 0 0 0 0 0 0 0 0 0 0 0 0 0 0 0 0 0 0 0 0 0 0 0 0 0 0 0 0 0 0 0 0 0 0 0 0 0 0
getparent	0 0 0 0 0.1 0 0 0.46 0 0 0 0 0 0.01 0 0 0 0 0 5.38 0 0 0 0 0 0 0.01 0 0 0 0 0 0 0 0 0 0 0 0 0 0 0 0 0 0 0 0 0.04 0 0
addariaandcollapsedclass	0 0.47 0 0 0 0 0 0 0 0 0 1.11 0 0 0 0 0 0 0 0 0 1.42 0 0 0 0 0 0 0 0 0 0 0 0 0 0 0 0 0 0 0 0 0 0 0 0 0 0 0 0
dimension	0 0 0 0 0 0 0 0 0 0.46 0 0 0 0 0.68 0 0 0 0 0 0 0 0 0 0 0 11.7 0 0.47 0 0 0.03 0 0.66 0 0 0 0 0 0 0 0 0 0 0 0 0 0 0 0
haswidth	0 0 0 0 0 0 0 0 0 0 0 0.46 0 0 0 0 0 0 0 0 0 0 0 0 0 0 0.8 0 0.52 0 0 0 0 0 0 0 0 0 0 0 0 0 0 0 0 0 0 0 0 0.22
width	0 0 4.17 0 0 0 0 0 0 0 0 0 0 0 0 0 0 0 0 0 0 0 0 0 0 0 0.21 0 0 0 0 0 0 0 0 9.62 0 0 0 0 0 0 0 0 0 0 0 0 0 0
show	0 0 0 0 0 0 0 0 0 0 0 0 0 0 0 7.11 0 0 0 0 0 0 0 0 0 0 0.01 0 0 0 15.88 0 0 0 0 0 0 0 0 0 0 0 0 0 0 0 0 0 0 0
activesdata	0 0 1 0 0 0 0 0 0 0 0 0 0 0 0 0 0 0 0 0 0 0 0 0 0 0 4 0 0 0 0 0 0 0 0 0 0 0 0 0 0 0 0 0 0 0 0 0 0 0
actives	0 0 0 0 0 0 0 0 0 0 0 0 0 0 0 0 0 0 0 0 0 0 0 0 0 0 8 0 0 0 0 0 0 0 0 0 0 0 0 0 0 0 0 0 0 0 0 0 0 0
panel	0 0.04 0 0 0 0 0 0.06 0 0 0 0.2 0 0 0 0 0 0 0.03 0.01 0.01 0.12 0 0 0 0 0.25 0 0.12 0 0.04 0 0 0 0 0.01 0.05 0 0.01 0 0 0 0 0 0 0 0 0.03 0 0.02
collapsing	0 0 0 0 0 0 0 0.31 0 0 0 0 0 0 0 0 0 0 0 0 0 0 0 0 0 0 0 0 4.69 0 0 0 0 0 0 0 0 0 0 0 0 0 0 0 0 0 0 0 0 0
startevent	0 0 0 0 0 0 0 0 0 0 0 0 0 0 0 0 0 0 0 0 0 6 0 0 0 0 0 0 0 0 0 0 0 0 0 0 0 0 0 0 0 0 0 0 0 0 0 0 0 0
hide	0 0.01 0 0 0 0 0 0 0 0 18.77 6.21 0 0 0 0 0 0 0 0 0 0 0 0 0 0 0 0 0 0 0 0 0 0 0.01 0 0 0 0 0 0 0 0 0 0 0 0 0 0 0
expanded	0 0 0 0 0.23 0 0 0 0 0 0 10.17 0 0 0 0 0 0 0.56 0 0 0 0 0 0 0 0 0 0.03 0 0 0 0 0 0 0 0 0 0.01 0 0 0 0 0 0 0 0 0 0 0
collapsed	0 0 0 0 0 0 0 0 0 0 0 0 0 0 0 0 0 0 2.99 0 0 0 0 0 0 0 0 0 0 0 0 0 0 0 0 0 0.01 0 0 0 0 0 0 0 0 0 0 0 0 0
complete	0 0 0 0 0 0 0 0 0 0 0 5.99 0 0 0 0 0 6 0 0 0 0 0 0 0 0 0.01 0 0 0 0 0 0 0 0 0 0 0 0 0 0 0 0 0 0 0 0 0 0 0
shown	0 0 0 0 0.01 0 0 0 0 0.01 0 0.03 0 0 0 0 0 0 0 0 0 0 0 0 0 0 0 0 0 0.01 0 0 0 0 0 0 0 0 0 0 0 0 0 0 0 0.01 0 0.01 0 5.92
scrollsize	0 0 0 0 0 0 0 0 0 0 0 0 0 0 0 0 0 0 0 0 0 0 0 0 0 0 2 0 0 0 0 0 0 0 0 0 0 0 0 0 0 0 0 0 0 0 0 0 0 0
camelcase	0 0.05 0 0 0 0 0 0.11 0 0 0 0.21 0 0 0 0 0 0 0.04 0.03 0.02 0.05 0 0 0 0 0.18 0 0.06 0 0.05 0.03 0 0 0 0.03 0.07 0 0.03 0 0 0 0 0 0 0 0 0.02 0 0.02
offsetheight	0 0.03 4.24 0 0 0 0 0.1 0.11 0 0 0.11 0 0 0 0 0 0 0.01 0.03 0.02 0.07 0 0 0 0 0.12 0 0.04 0 0.01 0 0 0 0 0.01 0.01 0 0.01 0 0 0 0 0 0 0 0 0.08 0 0
hidden	0 0 0 0 0.01 0 0 0 0 0 0 0.03 0 0 0.01 0 0 0.01 0.01 0.01 0 0 0 0 0 0 0 0 0 0 0 0 0 0 0 0 2.19 0 0.03 0 0.01 0 0 0 0 0.01 0 3.68 0 0
gettargetfromtrigger	0 0 0 0 0 0 0 0 0 0 0 0 0 0 0 0 0 0 0 0 0 0 0 0 0 0 3 0 0 0 0 0 0 0 0 0 0 0 0 0 0 0 0 0 0 0 0 0 0 0
isopen	0 0 0 0 0 0 0 0 0 0 0 0.01 0 0 0 0 0 0 0 0 0.01 0.21 0 0 0 0 3.07 0 0 0 0.7 0 0 0 0 0 0 0 0 0 0 0 0 0 0 0 0 0 0 0
dropdown	0 0 0 0 37.67 0 0 0 0 0 0 0 0 0 0 0 0 0 0 0 0 0 0 5.26 0 0 0 0 0.03 0 0 0 0 0 0 0 0 0 0 0 0.04 0 0 0 0 0 0 0 0 0
dropdowns	0 0.02 0 0 0.3 0 0 0 0 0 0.01 0.02 0 0.04 0 0 0.01 0 0.03 0.03 0 0 0 0 0 0 0 0 0.03 0 0.05 0 0 0 0 0 0.02 0 0.02 0 0.12 0.01 0 0.12 0 0.16 0 0 0 0.01
backdrop	0 0 0 0 0 0.11 0 0 0 0 0 0 0 22.86 0 0 0 0 0 0 0 0 0 0 0 0 0 0 0 0 0 0 0.03 0 0 0 0 0 0 0 0 0 0 0 0 0 0 0 0 0
a	0 0 0 0 0 0 0 0 0 0 0 0 0 0.01 0 0.01 0 0 7.94 0 0 0 0 0 0 0 0 0.03 0 0 0 0 0 0 0 0 0 0 0.01 0 0 0 0 0 0 0 0 0 0 0
za	0 0.02 0 0 0.26 0 0 0 0 0 0.02 0.01 0 0.01 0 0 0 0 0.04 0.05 0 0 0 0 0 0 0 0 0.04 0 0.02 0 0 0 0 0 0.04 0 0.02 0 0.09 0.03 0 0.14 0 0.19 0 0 0 0.02
z	0 0.04 0 0 0.28 0 0 0 0 0 0.01 0.01 0 0.03 0 0 0 0 0.04 0.02 0 0 0 0.02 0 0 0 0 0.02 0 0.03 0 0 0 0 0 0.03 0 0.01 0 0.12 0.01 0 0.08 0 0.25 0 0 0 0
clearmenus	0 0 0 0 0.31 0 0 0 0 0 0 0 0 0 0 0 0 0 0 0 0 0 0 0 0 0 0 0 0 0 0 0 0 0 0 0 0 0 0 0 0 0 0 0 0 3.69 0 0 0 0
open	0 0 0 0 4.89 0 0 0 0 0 0.9 0 0 0 0 0.62 0 0 0 0 0 0 0 0 0 0 0 0 0 0 0 0 0 0 0.59 0 0 0 0 0 0 0 0 0 0 0 0 0 0 0
contains	0 0 0.02 0 0.04 0 0 0 0.02 0 0.41 0 0 0 0 0 0 0.01 0 0 0 0 0 0 0 0 0 0 0.44 0.02 0 0 0 0 0 0 0.07 0 0 0 0 0 0 0.96 0 0.01 0 0 0 0
isactive	0 0 0 0 4.99 0 0 0 0 0 0 0 0 0 0 0 0 0 0 0 0 0 0 0 0 0 0 0 0 0 0 0 0 0 0 0 0 0 0 0 0 0 0 0 0 0.01 0 0 0 0
navbar	0 0.05 0 0 0.28 0 0 0 0 0 0.02 0.02 0 0.02 0 0 0 0 0.02 0.02 0 0 0.01 0.01 0 0 0 0 0.11 0 0 0 0 0 0 0 0 0 0.03 0 0.1 0 0 0.04 0 0.26 0 0.01 0 0
nav	0 0.01 0 0 0.01 0 0 0 0 0 0 0 0.01 0.01 0 0 0 0 0.79 0.03 0 0 0 0.34 0.04 0 0 0.03 0.01 0 0.07 0 0 0 0 0.04 0.14 0 0.1 0 0.01 0 0 0.03 0 0.03 0 0 0 0.3
mobile	0 0.02 0 0 0.25 0 0 0 0 0 0.02 0.01 0 0.07 0 0 0 0 0.04 0.04 0 0 0 0 0 0 0 0 0.05 0 0.01 0 0 0 0 0.01 0.02 0 0 0 0.07 0.01 0 0.17 0 0.21 0 0 0 0
we	0 0 0 0 0.02 0 0 0 0 0 0 0 0 0.01 0 0 0 0 0 0.02 0 0 0 0 0 0 0 0 0.02 0.55 0 0.1 0 0 0 0 0.02 0 0.03 0 0 0 0 4.2 0 0.03 0 0 0 0
because	0 0.83 0.03 0 0.04 0 0 0 0 0.01 0.16 0 0 0 0.01 0 0 0.03 0 0.02 0.02 0 0 0 0 0 0 0 0.01 0.04 0 0 0 0.01 0 0.02 0.14 0 0.19 0 0.04 0 0 0.18 0 0.08 0 0.14 0 0
events	0 0.03 0 0 0.07 0 0 0 0 0.01 0 0 0 0.02 0.02 0 0 0.03 0 0 0 0 0.15 0.01 0 0 0 0 0 0 0 0.02 0 0 0 0 0.03 0 0.13 0 0.04 0 0 1.21 0.07 0.02 0 0.01 0 0.13
don	0 0 0 0 0 0.01 0 0 0 0 0 0 0 0.55 0 0 0 0 0 0 0 0 0 0 0 0 0 0 0.01 0 0 0 0 0 0.01 0 0.32 0 0 0 0.93 0.17 0 0 0 0 0 0 0 0
t	0 0 0 0 0 0 0 0 0 0 3.95 0 0 0 0 0.01 0 0 0 0 0 0.01 0 0 0 0 0 0 0 0 0 0.01 0 0 0 0 0 0 0 0 0 0 0 0.01 0 0.01 0 0 0 0
delegate	0 0.01 0 0 0.27 0 0 0 0 0 0.02 0.03 0 0.04 0 0 0 0 0.03 0.08 0 0 0.01 0 0 0 0 0 0.04 0 0 0 0 0 0 0 0.01 0 0 0 0.08 0.02 0 0.13 0 0.2 0 0 0 0.03
createelement	0.01 1.01 0 0 0.07 0.05 0.24 0.11 0 0 0.01 0.01 0 0.36 0 0 0 0 0.81 0 0 0 0 0 0 0 0 0 0 0 0 0 0 0 0.31 0 0 0 0 0 0 0 0 0.02 0 0.14 0 0 0 0.85
div	0 0 0 0 0.01 0 0 0 0 0 12.04 0 0 0 0 0 0 0 0 0 0 0 0 0 0 0 0 0 0 0 0 0 0 0 0 0 0 0 0 0 0 0 0 0 2.92 0.03 0 0 0 0
insertafter	0 0.35 0.02 0 0.02 0 0 0 0 0.01 0.29 0 0 0 0 0 0 0.01 0 0 0 0 0 0.03 0 0 0 0 0 0.01 0 0 0 0.02 0.01 0 0 0 0 0 0 0 0 1.19 0 0.04 0 0 0 0
stoppropagation	0 0 0 0 1.86 0 0 0 0 0 0 0 0 0 0 0 0 0 0 0 0 0 0 0 0 0 0 0 0 0 0 0 0 0 0 0 0 0 0 0 0 0 0 0 0 0.14 0 0 0 0
desc	0 0 0 0 0 0 0 0 0 0 0 0 0 0 0 0 0 0 0 0 0 0 0 0 0 0 0 0 0 0 0 0 0 0 0 0 0 0 0 0 0 0 0 0 0 2 0 0 0 0
li	0 0 0 0 0.12 0 0 0 0 0 0 0 0 0.01 0 0 0 0 0.14 0.01 0 0 0 6.56 0 0 0 0.01 0.01 0 0.01 0 0 0 0 0 0.01 0 0 0 0.02 0 0 0.02 0 0.08 0 0 0 0
not	0 0 0 0 0.33 0 0 0 0 0 0 0 0 0 0 0 0 0 0.26 0 0 0 0.58 0 0 0 0 0 0.21 0 0.61 0 0 0 0 0 0 0 0 0 0 0 0 0 0 0.01 0 0 0 0
menu	0 0 0 0 0 0 0 0 0 0 0 0 0 0 0 0 0 0 0.75 0.5 0 0 0 4.74 0 0 0 0 0 0 0 0 0 0 0 0 0 0 0 0 0 0 0 0 0 0.01 0 0 0 0
down	0 0.03 0 0 0.22 0 0 0 0 0 0.01 0.03 0 0.04 0 0 0 0 0.01 0.06 0 0 0 0.02 0 0 0 0 0.04 0 0.02 0 0 0 0 0 0.04 0 0.02 0 0.09 0 0 0.08 0 0.26 0 0 0 0.03
apply	0.03 0.24 0 0 0.03 0 0.13 0 0 0 0 0 0 0.01 0 0 0 0 0.01 0 0 0 0 0 0 0 0 0 0 0 0 0 0.01 0 0 0 0.08 0 0.25 0 0.05 0 0 0.02 0 0.76 0 0.12 0 0.26
standard	0 0.01 0 0 0.16 0 0 0 0 0 0.02 0 0 0.06 0 0 0 0 0.02 0.12 0 0 0.01 0.01 0 0 0 0 0.02 0 0.02 0 0 0 0 0 0.04 0 0.02 0 0.06 0.01 0 0.1 0 0.3 0 0 0 0.02
elements	0 0.02 0 0 0.21 0 0 0 0 0.01 0 0.01 0 0.03 0 0 0 0 0.02 0.05 0 0 0.03 0.01 0 0 0 0 0.01 0 0.05 0 0 0 0 0 0.03 0 0.02 0 0.12 0 0 0.13 0 0.22 0 0.01 0 0.02
form	0 0.01 0 0 0.28 0 0 0 0 0 0.06 0.01 0 0.01 0 0 0 0 0.03 0.04 0 0 0.03 0 0 0 0 0 0.04 0 0.01 0 0 0 0 0 0.01 0 0.03 0 0.1 0 0 0.12 0 0.19 0 0 0 0.03
modal	0 0.01 0 0 0 72.99 0 0 0 0 0 0 0 0 0 0 0 0 0 0 0 0 0 0 0 0 0 0 0 0 0 0 0 0 0 0 0 0 0 0 0 0 0 0 0 0 0 0 0 0
modals	0 0 0 0 0 0 0 0 0 0 0 0 0 0 0 0 0 0 0 0 0 0 0 0 0 0 0 0 0 0 0 0 0 0 0.01 0 0 0 0 2.99 0 0 0 0 0 0 0 0 0 0
dialog	0 0 0 0 0 0 0 0 0 0 0 0 0 0 0 0 0 0 0 0 0 0 0 0 0 0 0 0 0 0 0.03 0 0 0 0 0 0 0 0 4.97 0 0 0 0 0 0 0 0 0 0
isshown	0 0 0 0 0 0 0 0 0 0 0 0 0 2.89 0 0.01 0 0 0 0 0 0 0 0 0 0 0 0 0 0 0 0 0.01 0 0 0 0 0 0 8.09 0 0 0 0 0 0 0 0 0 0
originalbodypad	0 0 0 0 0 0 0 0 0 0 0 0 0 0 0 0 0 0 0 0 0 0 0 0 0 0 0 0 0 0 0 0 0 0 0 0 0 0 0 3 0 0 0 0 0 0 0 0 0 0
scrollbarwidth	0 0 0 0 0 0 0.01 0 0 0 0 0 0 0 0 0 0 0 0 0 0 0 0 0 0 0 0 0 0 0 0 0 0 0 0 0 0 0 0.01 0 0 0 0 0 0 0 0 6.98 0 0
ignorebackdropclick	0 0 0 0 0 1.66 0 0 0 0 2.25 0 0 0.01 0 0.01 0 0 0.06 0 0 0 0 0 0 0 0 0 0 0 0 0 0 0 0.01 0 0 0 0 0 0 0 0 0 0 0 0 0 0 0
remote	0 0 0 0 0 2.9 0 0 0 0 0.01 0 0 0 0 0.09 0 0 0 0 0 0 0 0 0 0 0 0 0 0 0 0 0 0 0 0 0 0 0 0 0 0 0 0 0 0 0 0 0 0
content	0 0 0 0 0 0.12 0.01 0.04 0 0 0.03 0 0.06 0.08 0 0.09 0 0 0.03 0 0 0 0.01 0 0 0 0 0 0 0 0.01 0 0.09 0 0.09 0 0.01 0 0.01 0.12 0 0 0 0 10.18 0 0 0.01 0 0.01
loaded	0 0.01 0 0 0 0.07 0.02 0.01 0 0 0.1 0 0.03 0.08 0 0.15 0 0 0.02 0 0 0 0 0 0 0 0 0 0 0 0.03 0 0.1 0 0.07 0 0.01 0 0.02 0.16 0 0 0 0 0 0 0 0.07 0.01 0.04
backdrop_transition_duration	0 0 0 0 0 0 0 0 0 0 0 0 0 0 0 3 0 0 0 0 0 0 0 0 0 0 0 0 0 0 0 0 0 0 0 0 0 0 0 0 0 0 0 0 0 0 0 0 0 0
_relatedtarget	0 0 0 0 0 0 0 0 0 0 0 0 0 0 0 0 0 0 0 0 0 0 0 0 0 0 0 0 0 0 0 0 0 0 0 0 0 0 0 8 0 0 0 0 0 0 0 0 0 0
checkscrollbar	0 0 0 0 0 0.44 0.24 0 0 0 0 0 0 0.06 0 0 0 0 0.24 0 0 0 0 0 0 0 0 0 0 0 0 0 0.24 0 0 0 0 0 0.08 0.7 0 0 0 0 0 0 0 0 0 0
setscrollbar	0 0 0 0 0 0.95 0 0 0 0 0 0 0 0 0 0.89 0 0 0 0 0 0 0 0 0 0 0 0 0 0 0 0 0 0 0 0 0 0 0 0 0 0 0 0 0 0 0 0 0 0.16
escape	0 0 0 0 0 0 0 0 0 0 0 0 0 0 0 0 0 0 0 0 0 0 0 0 0 0 0 0 0 0 0 0 0 0 0 0 0 0 0 2.67 0 0 0 0 0 0 0 0.33 0 0
resize	0 0.01 0.01 0 0 0.04 0 0 0.01 0 0 0 0 0 0 0 0 0 0 0 0 0 0 0 0 0 0 0 0 0 0 0 5.93 0 0 0 0 0 0 0 0 0 0 0 0 0 0 0 0 0
mousedown	0 0 0 0 0 0.04 0.26 0 0 0 0 0 0 0.95 0 0 0 0 0 0 0 0 0 0 0 0 0 0 0 0 0 0 0 0 0 0 0 0 0 0.46 0 0 0 0 0 0 0 0 0 0.29
mouseup	0 0 0 0 0 0.52 0 0 0 0 0 0 0 0 0 1.48 0 0 0 0 0 0 0 0 0 0 0 0 0 0 0 0 0 0 0 0 0 0 0 0 0 0 0 0 0 0 0 0 0 0
appendto	0 0 0 0 0 0 0 0 0 0 0 0 0 0 0 0.01 0 0 0 0 0 0 0 0 0 0 0 0 0 0.02 0 0 2.97 0 0 0 0 0 0 0 0 0 0 0 0 0 0 0 0 0
move	0 0 0 0 0 0.14 0 0.05 0 0 0.07 0 0.02 0.09 0 0.15 0 0 0.02 0 0 0 0.03 0 0 0 0 0.01 0 0 0.01 0 0.11 0 0.06 0 0 0 0.02 0.15 0.02 0.01 0 0 0 0 0 0.02 0 0.02
dom	0 0.01 0 0 0 0.16 0.02 0 0 0 0.05 0 0.07 0.11 0 0.15 0 0 0.01 0 0 0 0 0 0 0 0 0 0 0 0.02 0 0.1 0 0.07 0 0.02 0 0.01 0.16 0 0 0 0 0 0 0 0.02 0 0.02
adjustdialog	0 0 0 0 0 0 0 0 0 0 0 0 0 0 0 0 0 0 0 0 0 0 0 0 0 0 0 0 0 0 0 0 0 0 0 0 0 0 0 3 0 0 0 0 0 0 0 0 0 0
enforcefocus	0 0 0 0 0 0 0.09 0 0 0 0 0 0.96 0 0 0 0 0 0.33 0 0 0 0 0 0 0 0 0 0 0 0 0 0 0 0 0 0.18 0 0 0.44 0 0 0 0 0 0 0 0 0 0
wait	0 0.01 0 0.01 0 0.13 0 0.01 0 0 0.04 0 0.03 0.11 0 0.08 0 0 0.02 0 0 0 0 0 0 0 0 0 0 0 0.02 0 0.1 0 0.16 0 0.01 0 0 0.15 0.02 0 0 0 0 0 0 0.08 0 0.02
off	0 0 0.01 0 0 0 0 0.02 0.01 0 0.03 0 0 0 0.01 7.79 0 0.02 0 0 0.01 0 0 0 0 0 0 0 0 0 0.01 0.01 0.01 0.04 0 0.02 0 0 0 0 0 0 0 0 0 0 0 0.01 0 0
focusin	0 0 0 0 0 0 0 0 0 0 4.99 0 0.01 0 0 0 0 0 0 0 0 0 0 0 0 0 0 0 0 0 0 0 0 0 0 0 0 0 0 0 0 0 0 0 0 0 0 0 0 0
hidemodal	0 0 0 0 0 0 0 0 0 0 0 0 0 2.25 0 0 0 0 0 0 0 0 0 0 0 0 0 0 0 0 0 0 0.75 0 0 0 0 0 0 0 0 0 0 0 0 0 0 0 0 0
guard	0 0.03 0 0 0 0.16 0.03 0.03 0 0 0.04 0 0.03 0.16 0 0.1 0 0 0.03 0 0 0 0.02 0 0 0 0 0 0 0 0.02 0 0.07 0 0.07 0 0 0 0.01 0.13 0 0 0 0 0 0 0 0.05 0 0.02
against	0 0 0 0 0 0.1 0.02 0.05 0 0 0.05 0 0.07 0.1 0 0.08 0 0 0.01 0 0 0 0 0 0 0 0 0 0 0 0.03 0 0.06 0 0.1 0 0.02 0.01 0.02 0.12 0 0 0 0.01 0 0 0 0.1 0.01 0.04
infinite	0 0.01 0 0 0 0.12 0.04 0.02 0 0 0.06 0 0.07 0.15 0 0.1 0 0 0 0 0 0 0.01 0 0 0 0 0 0 0 0.01 0 0.1 0 0.03 0 0.02 0 0.02 0.16 0.03 0 0 0 0.01 0 0 0.03 0 0.01
has	0 0.02 0 0 0 0.12 0.01 0.04 0 0 0.04 0 0.06 0.08 0 0.11 0 0 0.03 0 0 0 0.02 0 0 0 0 0 0 0 0.02 0 0.09 0 0.1 0 0.01 0 0.03 0.14 0.01 0 0 0 0 0 0 0.04 0.01 0.02
handleupdate	0 0.06 0 0 0 0 0 0 0 0 0 0 0.43 0 0 0.41 0 0 0 0 0 0 0 0 0 0 0 0 0 0 0 0 0.82 0 0 0 0 0 0 0.28 0 0 0 0 0 0 0 0 0 0
resetadjustments	0 0 0 0 0 1.28 0 0 0 0 0 0 0 0 0 0 0 0 0.7 0 0 0 0 0 0 0 0 0 0 0 0 0 0.02 0 0 0 0 0 0 0 0 0 0 0 0 0 0 0 0 0
resetscrollbar	0 0.11 0 0 0 0 0 0 0 0 0 0 0 0 0 0 0 0 0 0 0 0 0 0 0 0 0 0 0 0 0.69 0 0 0 1.09 0 0 0 0 0.11 0 0 0 0 0 0 0 0 0 0
removebackdrop	0 0 0 0 0 0.35 0 0 0 0 0 0 0 0 0 0.1 0 0 0 0 0 0 0 0 0 0 0 0 0 0 0 0 0 0 0 0 0 0 0 1.05 0.06 0 0 0 0 0 0 0 0 0.44
callback	0 0 0 0 0 0 0 0 0 0.24 0 0 0 0 0 0.01 0 0 0 0 0 0 0 0 0 0 0 0 0 0 0 0 0 0 0 0 0 0 0 6.05 0 0 0 0 0 0 0 0 0 10.7
animate	0 0 0 0 0 3 0 0 0 0 0 0 0 0 0 0 0 0 0 0 0 0 0 0 0 0 0 0 0 0 0 0 0 0 0 0 0 0 0 0 0 0 0 0 0 0 0 0 0 0
doanimate	0 0 0 0 0 1.94 0 0 0 0 0.67 0 0 0 0 0.39 0 0 0 0 0 0 0 0 0 0 0 0 0 0 0 0 0 0 0 0 0 0 0 0 0 0 0 0 0 0 0 0 0 0
currenttarget	0 0.04 0 0 0 0.1 0.04 0.02 0 0 0.11 0 0.08 0.09 0 0.23 0 7.82 0.02 0 0 0 0.01 0 0 0 0 0 0 0.98 0.04 0 0.03 0 0.14 0 0.01 0 0.01 0.14 0.02 0 0 0 0 0 0 0.07 0 0
static	0 0.03 0 0 0 0.11 0.02 0.06 0 0 0.12 0 0.08 0.17 0 0.06 0 0 0 0 0 0 0 0 0 0 0 0 0 0 0.02 0 0.09 0 0.05 0 0 0 0 0.13 0.03 0 0 0 0 0 0 0.03 0 0
callbackremove	0 0 0 0 0 0.19 0 0 0 0 0 0 0 1.15 0 0 0 0 0 0 0 0 0 0 0 0 0 0 0 0 0 0 1.29 0 0.37 0 0 0 0 0 0 0 0 0 0 0 0 0 0 0
these	0 0.02 0 0 0 0.17 0.1 0.03 0 0 0.02 0 0.05 0.13 0 0.05 0 0 0.03 0 0 0 0 0 0 0 0 0 0 0 0.03 0 0.11 0 0.05 0 0.02 0 0 0.12 0.02 0 0 0 0.01 0 0 0.03 0 0.01
following	0 0.03 0 0 0 0.14 0 0.02 0 0 0.06 0 0.05 0.12 0 0.1 0 0 0.04 0 0 0 0 0 0 0 0 0 0 0 0.03 0 0.09 0 0.08 0 0.05 0.01 0.01 0.09 0.03 0 0 0 0 0 0 0.03 0 0.02
methods	0 0 0 0 0 0.17 0.03 0 0 0 0.04 0 0.02 0.1 0 0.13 0 0 0.07 0 0 0 0 0 0 0 0 0 0 0 0.01 0 0.11 0 0.06 0 0.03 0 0.01 0.15 0.02 0.01 0 0 0 0 0 0.03 0 0.01
are	0.01 0 0 0 0 0.01 0 0 0.01 0 1.95 0 0 0.01 0.01 0 0 0 0 0 0 0 0 0 0 0 0 0 0 0 0 0 0 0 0 0 0 0 0 0 0 0 0 0 0 0 0 0 0 0
used	0 0.05 0 0 0 0.17 0 0.02 0 0 0.03 0 0.08 0.1 0 0.11 0 0 0.01 0 0 0 0.02 0 0 0 0 0 0 0 0.03 0 0.08 0 0.09 0 0.01 0 0.01 0.07 0.01 0.02 0 0 0 0 0 0.07 0 0.02
handle	0.07 0 0 0 0 0.04 0.97 0.06 0 0 0.01 0 0.01 0.02 0 0.02 0 0 0 0 0 0 0 0 0 0 0 0 0 0 0.01 0 0.2 0 0.22 0 0.12 0 0 0.03 0.01 0 0 0 0 0.02 0 0.01 0 0.18
overflowing	0 0 0 0 0 0.16 0.03 0.07 0 0 0.06 0 0.03 0.15 0 0.09 0 0 0.02 0 0 0 0.01 0 0 0 0 0 0 0 0.01 0 0.12 0 0.04 0 0.01 0.01 0.01 0.1 0.04 0 0 0 0 0 0 0.04 0 0
modalisoverflowing	0 0 0 0 0 1.39 0 0 0 0 0 0 0 0 0 0.01 0 0 0 0 0 0 0 0 0 0 0 0 0 0 0 0 0 0 0 0 0.01 0 0 0 0 0 0 0 0 0 0 1.59 0 0
clientheight	0 0 0 0 0 0.17 0.04 0 0 0 0.06 0 0.09 0.08 0 0.15 0 0 0 0 0 0 0.01 0 0 0 0 0 0 0 0.02 0 0.08 0 0.02 0 0 0 0.01 0.2 0.02 0 0 0 0 0 0 0.02 0 0.03
paddingleft	0 0 0 0 0 0 0 0 0 0 0.9 0 0 0.25 0 0.08 0 0 0 0 0 0 0 0 0 0 0 0 0 0 0 0 0.77 0 0 0 0 0 0 0 0 0 0 0 0 0 0 0 0 0
bodyisoverflowing	0 0 0 0 0 0 0.01 0 0 0 0 0 0 0.92 0 0 0 0 0 0 0 0 0 0 0 0 0 0 0 0 0 0 3.07 0 0 0 0 0 0 0 0 0 0 0 0 0 0 0 0 0
paddingright	0 0 0 0 0 0 0 0 0 0 0 0 0 0 0 0 0 0 0 0 0 0 0 0 0 0 0 0 0 0 0 0 0 0 0 0 0 0 0 3 0 0 0 0 0 0 0 0 0 0
fullwindowwidth	0 0 0 0 0 0 0 0 0 0 0.05 0 0 3.94 0 0 0 0 0.01 0 0 0 0 0 0 0 0 0 0 0 0 0 0 0 0 0 0 0 0 0 0 0 0 0 0 0 0 0 0 0
innerwidth	0 0 0 0 0 0.64 0 0 0 0 0.78 0 0 0 0 0 0 0 0 0 0 0 0 0 0 0 0 0 0 0 0 0 0 0 0 0 0 0 0 0.58 0 0 0 0 0 0 0 0 0 0
workaround	0 0.02 0 0 0 0.15 0.03 0.03 0 0 0.1 0 0.04 0.15 0 0.07 0 0 0.02 0 0 0 0 0 0 0 0 0 0 0 0.01 0 0.08 0 0.03 0 0.01 0.01 0 0.15 0.03 0.01 0 0 0 0 0 0.04 0 0.02
missing	0 0 0.02 0 0 0 0 0 0 0 0.75 0 0.01 0.01 0.03 0.29 0 0 0 0 0.01 0 0 0 0 0 0 0 0 0 0.19 0 0.59 0.01 0.01 0 0 0 0 0.03 0 0 0 0 0 0 0 0 0 0.05
ie8	0.1 1.38 0.01 0 0 0 0.05 0.25 0.01 0 0.36 0 0 0 0.03 0 0 0 0 0 0 0 0.01 0 0 0 0 0 0 0.01 0 0 0 0 0 0 0 0 0.03 0 0 0 0 0 0.04 0 0 0 0 1.72
documentelementrect	0 0 0 0 0 2.43 0 0 0 0 0 0 0 0 0 0 0 0 0 0 0 0 0 0 0 0 0 0 0 0 0 0 0 0 0 0 0 0 0 0 0.57 0 0 0 0 0 0 0 0 0
getboundingclientrect	0 0 0 0 0 0.03 0.01 1.78 0 0 0.51 0 0.02 0.02 0 0.02 0 0 0.02 0 0 0 0 0 0 0 0 0 0 0 0.01 0 0.04 0.47 0 0 0.01 0 0.01 0.03 0 0 0 0 0 0 0 0 0 0.02
abs	0 0 0 0 0 0.12 0.03 0.04 0 0 0.04 0 0.07 0.09 0 0.13 0 0 0.02 0 0 0 0.01 0 0 0 0 0 0 0 0.02 0 0.09 0 0.09 0 0.03 0.01 0 0.1 0.03 0 0 0 0 0 0 0.07 0 0.01
clientwidth	0 0 0 0 0 2 0 0 0 0 0 0 0 0 0 0 0 0 0 0 0 0 0 0 0 0 0 0 0 0 0 0 0 0 0 0 0 0 0 0 0 0 0 0 0 0 0 0 0 0
measurescrollbar	0 0 0 0 0 0 0 0 0 0 1.11 0 0 0 0 0.89 0 0 0 0 0 0 0 0 0 0 0 0 0 0 0 0 0 0 0 0 0 0 0 0 0 0 0 0 0 0 0 0 0 0
bodypad	0 0 0 0 0 0.63 0 0 0 0 0.7 0 0 0.67 0 0 0 0 0 0 0 0 0 0 0 0 0 0 0 0 0 0 0 0 0 0 0 0 0 0 0 0 0 0 0 0 0 0 0 0
parseint	0 0 0 0 0 0.03 0 0.01 0 0.11 1.74 0 0.01 0.01 0 0.02 0 0.09 0 0 0 0 0 0 0 0 0 0 0 0.01 0.01 0 0.55 0.01 0 0 0 0 0.4 0 0 0 0 0 0 0 0 0 0 0
padding	0.01 0 0 0 0 0 0 0 0 0 0 0 0 0 0 4.52 0 0 0 0 0 0 0 0 0 0 0 0 0 0.46 0 0 0 0 0 0 0 0 0 0 0 0 0 0 0 0 0 0.01 0 0
style	0.03 0.08 0 0 0 0 0.55 0 0 0 0.01 0 0.01 0.03 0 0.01 0 0 0 0 0 0 0 0 0 0 0 0 0 0 0 0 0 0 1.2 0 0.07 0 0 0.01 0 0 0 0 0 0 0 0 0 0
thx	0 0.01 0 0 0 0.21 0 0.03 0 0 0.09 0 0.08 0.1 0 0.11 0 0 0 0 0 0 0 0 0 0 0 0 0 0 0.02 0 0.09 0 0.06 0 0 0 0.01 0.09 0.01 0.01 0 0 0 0 0 0.05 0 0.03
walsh	0 0 0 0 0 0.19 0.02 0 0 0 0.01 0 0.07 0.12 0 0.1 0 0 0.02 0 0 0 0 0 0 0 0 0 0 0 0.02 0 0.07 0 0.08 0 0.04 0.01 0.02 0.15 0.02 0 0 0 0 0.01 0 0.02 0 0.03
scrolldiv	0 0 0 0 0 0 0 0 0 0 0 0 0.01 0 0 0 0 0 0 0 0 0 0 0 0 0 0 0 0 0 0 0 0 0 0 0 0 0 0 5.98 0 0 0 0 0 0 0 0.01 0 0
classname	0 0 0 0 0 0.16 0 0 0 0 0.07 0 0.04 0.1 0 0.14 0 0 0.01 0 0 0 0 0 0 0 0 0 0 0 0.02 0 0.08 0 0.08 0 0.01 0.01 0.01 0.14 0.01 0 0 0 0 0 0 0.06 0 0.06
scrollbar	0 0.01 0 0 0 0.18 0.03 0.04 0 0 0.05 0 0.08 0.1 0 0.1 0 0 0.05 0 0 0 0.01 0 0.01 0 0 0 0 0 0.01 0 0.1 0 0.08 0 0 0 0.01 0.06 0.02 0 0 0 0 0 0 0.06 0 0
measure	0 0.01 0 0 0 0.11 0.06 0.04 0 0 0.03 0 0.1 0.12 0 0.07 0 0 0 0 0 0 0 0 0 0 0 0 0 0 0.01 0 0.1 0 0.12 0 0.04 0 0.03 0.1 0 0.01 0 0 0 0 0 0.05 0 0
append	0 2.61 0 0 0 0.02 0 0 0 0 0 0 0 0.02 0.02 0.01 0 0 0 0 0 0 0 0 0 0 0 0 0 0 0 0 0.01 0 0.01 0 0.11 0 0 0.02 0 0 0 0 0.16 0 0 0.01 0 0
removechild	0 0.02 0 0 0 0.09 0.01 0.02 0 0 0.09 0 0.06 0.08 0 0.13 0 0 0.03 0 0 0 0 0 0 0 0 0 0 0 0.02 0 0.13 0 0.07 0 0.01 0 0.01 0.13 0.01 0 0 0 0 0 0 0.07 0 0.02
showevent	0 0 0 0 0 0.04 0 0 0 0 0.01 0 0 0 0 0 0 0 4.93 0 0 0 0 0 0 0 0 0 0 0 0.01 0 0 0 0 0 0.01 0 0 0 0 0 0 0 0 0 0 0 0 0
only	0 0.02 0 0 0 0.11 0.01 0.03 0 0 0.07 0 0.08 0.08 0 0.1 0 0 0.06 0 0 0 0 0 0 0 0 0 0 0 0.03 0 0.13 0 0.07 0 0.01 0 0.02 0.11 0.01 0 0 0 0 0 0 0.04 0 0.02
register	0 0.02 0 0 0 0.16 0.01 0.06 0 0 0.05 0 0.06 0.1 0 0.09 0 0 0.01 0 0 0 0.01 0 0.01 0 0 0 0 0 0.02 0 0.12 0 0.05 0 0 0 0.01 0.16 0.02 0.01 0 0 0 0 0 0.01 0 0.02
restorer	0 0.01 0 0 0 0.14 0 0.04 0 0 0.08 0 0.06 0.12 0 0.11 0 0 0.04 0 0 0 0 0 0 0 0 0 0 0 0.01 0 0.1 0 0.06 0 0.01 0 0.05 0.09 0.03 0.01 0 0 0 0 0 0.03 0 0.01
will	0 0.03 0 0 0 0.11 0.01 0.02 0 0 0.02 0 0.06 0.13 0 0.09 0 0 0.03 0 0 0 0 0 0 0 0 0 0 0 0.03 0 0.08 0 0.07 0 0.01 0 0.02 0.13 0.04 0.01 0 0 0 0 0 0.07 0 0.04
actually	0 0.02 0 0 0 0.17 0.01 0.02 0 0 0.04 0 0.08 0.05 0 0.15 0 0 0.04 0 0 0 0 0 0 0 0 0 0 0 0.01 0 0.08 0 0.07 0 0 0 0.01 0.13 0.02 0.01 0 0 0 0 0 0.05 0 0.04
get	0 0.01 0 0 0 0.17 0.01 0.01 0 0 0.04 0 0.08 0.14 0 0.12 0 0 0.03 0 0 0 0 0 0 0 0 0 0 0 0.02 0 0.12 0 0.07 0 0.02 0 0 0.11 0.01 0 0 0 0 0 0 0.04 0 0
popover	0 0 0 0 0 0 0 0 0 0 0 0 0 0 0 0 0 0 0 0 0 0 0 0 0 0 0 0 0 0 0 0 0 0 0 0 0 0 0 0 0 0 0 0 35 0 0 0 0 0
popovers	0 0.05 0 0 0 0 0 0 0 0.02 0.04 0 0 0.01 0.11 0 0 0.04 0 0 0.02 0 0.03 0 0 0 0 0 0 0.06 0.03 0.02 0 0 0 0 0.01 0 0.04 0 0 0 0 0.04 0.46 0 0 0 0 0.02
init	0 0 0 0 0 0 0 0 0 0 0 0 0 0 0.36 0 0 1.15 0 0 0.01 0 0 0 0 0 0 0 0 0 0 1.29 0 0.14 0 0 0 0 0.02 0 0 0 0 0 0.03 0 0 0 0 0
tooltip	0 0 0 0 0 0 0 0 0 58.59 0 0 0 0 1.36 0 0 0 0 0 0 0 0.01 0 0 0 0 0 0 0 0 0 0 0.02 0 0 0 0 0.02 0 0 0 0 0 0 0 0 0 0 0
throw	0 0 0.05 0 0 0 0 0 0 0.08 0.8 0 0 0 1.63 0 0 0 0 0 0 0 0 0 0 0 0 0 0 0.41 0 0 0 0 0 0 0 0 0 0 0 0 0 0 0.02 0 0 0.01 0 0
error	0 0 0 0 0 0 0 0 0 1.18 0 0 0 0 0 0 0 1.75 0 0 0 0 0 0 0 0 0 0 0 0 0 0 0 0 0 0 0 0 0.04 0 0 0 0 0.01 0.02 0 0 0 0 0
requires	0 0 0 0 0 0 0 0 0 0.04 0.03 0 0 0 0.14 0 0 0.07 0 0 0.03 0.01 0.08 0 0 0 0 0 0 0.01 0.01 0.05 0 0 0 0 0.03 0 0.02 0 0 0 0 0.06 0.38 0 0 0 0 0.04
placement	0 0 0 0 0 0 0 0 0 0 0 0 0 0 0.18 0 0 0 0 0 0 0 0 0 0 0 0 0 0 30.81 0 0 0 0 0 0 0 0 0 0 0 0 0 0 0.01 0 0 0 0 0
template	0 1.02 0 0 0 0 0 0.04 0 0.76 0 0 0 0 0.72 0 0 0 0 0 1.4 0 0 0 0 0 0 0 0 0 0 0.02 0 0 0 0 0 0 0 0 0 0 0 0 0.03 0 0 0 0 0.01
role	0 0 0 0 0 0 0 0 0 0 0 0 0 0 0.24 0 0 1.58 0 0 0.17 0 0 0 0 0 0 0 0 0 0 0 0 0 0 0 0 0 0 0 0 0 0 0 0 0 0 0.01 0 0
arrow	0 0 0.01 0 0 0 0 0 0 0 0.01 0 0 0 0.04 0 0 11.9 0 0 0 0 0 0 0 0 0 0 0 0.01 0 0 0 0 0 0.01 0.02 0 0 0 0 0 0 0 0 0 0 0 0 0
h3	0 0 0 0 0 0 0 0 0 0 0 0 0 0 0.66 0 0 0.05 0 0 0 0 0 0 0 0 0 0 0 0 0 0 0 0 0 0 0 0 0.41 0 0 0 0 0 0.88 0 0 0 0 0
title	0 0.01 0 0 0 0 0 0 0 0 0 0 0 0 20.99 0 0 0 0 0 0 0 0 0 0 0 0 0 0 0 0 0 0 0 0 0 0 0 0 0 0 0 0 0 0 0 0 0 0 0
note	0 0.02 0 0 0 0 0 0 0 0.03 0.01 0 0 0 0.16 0 0 0.05 0 0 0.02 0 0.08 0 0 0 0 0 0 0.02 0.03 0.02 0 0 0 0 0.02 0 0.04 0 0 0 0 0.03 0.45 0 0 0 0 0.02
extends	0 0.03 0 0 0 0 0 0 0 0.03 0.03 0 0 0 0.17 0 0 0.04 0 0 0.03 0 0.06 0 0 0 0 0 0 0 0.01 0.03 0 0 0 0 0.04 0 0.04 0 0.01 0 0 0.05 0.42 0 0 0 0 0.01
getdefaults	0 0 0 0 0 0 0 0 0 0 0 0 0 0 3.53 0 0 0 0 0 0 0 0 0 0 0 0 0 0 0.47 0 0 0 0 0 0 0 0 0 0 0 0 0 0 0 0 0 0 0 0
setcontent	0 0 0 0 0 0 0 0 0 0.02 0 0 0 0 0 0 0 0.28 0 0 0 0 0 0 0 0 0 0 0 2.01 0 0.66 0 0 0 0 0 0 0 0 0 0 0 0 0.02 0 0 0 0 0.01
tip	0 0 0 0 0 0 0 0 0 37.23 0 0 0 0 0 0 0 0 0 0 0 0 0 0 0 0 0 0 0 0 0 0 0 16.28 0 0 0 0 0 0 0 0 0 0 3.49 0 0 0 0 0
gettitle	0 0 0 0 0 0 0 0 0 0 0 0 0 0 0 0 0 0 0 0 0 0 0 0 0 0 0 0 0 5 0 0 0 0 0 0 0 0 0 0 0 0 0 0 0 0 0 0 0 0
getcontent	0 0 0 0 0 0 0 0 0 0 0 0 0 0 0 0 0 0 0 0 0 0 0 0 0 0 0 0 0 0 0 0 0 0 0 0 0 0 0 0 0 0 0 0 3 0 0 0 0 0
objects	0 0.03 0 0 0 0 0 0 0 0.03 0.05 0 0 0 0.07 0 0 0.04 0 0 0.02 0 0.1 0 0 0 0 0 0 0.04 0.02 0.05 0 0 0 0 0.03 0 0.04 0 0 0 0 0.05 0.4 0 0 0 0 0.03
maintain	0 0.06 0 0 0 0 0 0 0 0.02 0.03 0 0 0 0.13 0 0 0.04 0 0 0.05 0 0.11 0 0 0 0 0 0 0 0 0.03 0 0 0 0 0.01 0 0.06 0 0 0 0 0.02 0.41 0 0 0 0 0.03
doesn	0 0 0.01 0 0 0 0 0 0.01 0.05 0.19 0 0 0 0.57 0 0 0.52 0 0 0.25 0 0.01 0 0 0 0 0 0 0.15 0 0 0.01 0 0 0.01 0 0 0.18 0 0 0 0 0 0.04 0 0 0 0 0
accept	0 0.04 0 0 0 0 0 0 0 0.03 0.03 0 0 0 0.16 0 0 0.04 0 0 0.02 0.01 0.06 0 0 0 0 0 0 0.02 0.04 0.05 0 0 0 0 0.04 0 0.04 0 0.01 0 0 0.04 0.34 0 0 0 0 0.03
hiding	0 0.08 0 0 0 0 0 0 0 0.04 0.03 0 0 0 0.12 0 0 0.01 0 0 0.02 0 0.06 0 0 0 0 0 0 0.03 0.01 0.04 0 0 0 0 0.02 0 0.04 0 0 0 0 0.04 0.42 0 0 0 0 0.04
via	0 0.03 0 0 0 0 0 0 0 0.01 0.04 0 0 0 0.15 0 0 0.03 0 0 0.03 0.01 0.04 0 0 0 0 0 0 0.04 0 0.08 0 0 0 0 0.01 0 0.03 0 0 0 0 0.03 0.45 0 0 0 0 0.02
the	0 0 0 0 0 0 0 0 0 0 0 0 0 0 0 0 0 0 0 0 0 0 0 0 0 0 0 0 0 0.66 0 4.34 0 0 0 0 0 0 0 0 0 0 0 0 0 0 0 0 0 0
empty	0 0.06 0 0 0 0 0 0 0 0.03 0.03 0 0 0 0.12 0 0 0.05 0 0 0.02 0 0.1 0 0 0 0 0 0 0.05 0.02 0.05 0 0 0 0 0.02 0 0.02 0 0 0 0 0.03 0.38 0 0 0 0 0.02
pseudo	0 0.03 0 0 0 0 0 0 0 0.02 0.03 0.01 0 0 0.14 0 0 0.05 0 0 0.04 0.01 0.08 0 0 0 0 0 0 0.03 0.02 0.04 0 0 0 0 0.01 0 0.02 0 0 0 0 0.03 0.43 0 0 0 0 0.01
have	0 0.04 0 0 0 0 0 0 0 0.04 0.04 0 0 0 0.16 0 0 0.05 0 0 0.02 0 0.11 0 0 0 0 0 0 0.02 0 0.06 0 0 0 0 0.02 0 0.03 0 0 0 0 0.02 0.39 0 0 0 0 0
do	0 0 0 0 0 0 0 0 0.01 0 0 0 0 0 0.95 0 0 0.55 0 0 0.01 0 0.01 0 0 0 0 0 0 0.32 0 0 0 0.02 0 0 0.06 0 0.05 0 0 0 0 0 0.02 0 0 0 0 0
manually	0 0 0 0 0 0 0 0 0 0 0 0 0 0 0 0 0 0 0 0 0 0 0 0 0 0 0 0 0 0 0 2.99 0 0 0 0 0 0 0 0 0 0 0 0 0.01 0 0 0 0 0
by	0 0 0.01 0 0 0 0 0 0 0 0 0 0 0 2.98 0 0 0 0 0 0 0 0 0 0 0 0 0 0 0 0 0 0 0 0 0 0 0 0 0 0 0 0 0 0.01 0 0 0 0 0
checking	0 0.03 0 0 0 0 0 0 0 0.02 0.04 0 0 0 0.15 0 0 0.05 0 0 0.04 0 0.06 0 0 0 0 0 0 0.01 0.05 0.02 0 0 0 0 0.01 0 0.05 0 0 0 0 0.02 0.44 0 0 0 0 0.01
contents	0 0.02 0 0 0 0 0 0 0 0.02 0.07 0 0 0 0.13 0 0 0.04 0 0 0.02 0 0.07 0 0 0 0 0 0 0.02 0 0.02 0 0 0 0 0.03 0 0.05 0 0 0 0 0.03 0.46 0 0 0 0 0.02
hascontent	0 0 0 0 0 0 0 0 0 0.64 0 0 0 0 1.29 0 0 0 0 0 0 0 0 0 0 0 0 0 0 1.05 0 0 0 0.02 0 0 0 0 0 0 0 0 0 0 0 0 0 0 0 0
o	0 0 0 0 0 0 0 0 0 0 0 0 0 0 0 0 0 0 0 0 0 0 0 0 0 0 0 0 0 0 0 0 0 4 0 0 0 0 0 0 0 0 0 0 4 0 0 0 0 0
destroy	0 0 0 0 0 0 0 0 0 0 0 0 0 0 2.96 0 0 0 0 0 0 0 0 0 0 0 0 0 0 0 0 0 0 0.04 0 0 0 0 0 0 0 0 0 0 0 0 0 0 0 0
scrollspy	0 0 0 0 0 0 0 0 0 0 0 0 0 0 0 0 0 0 0 0 0 0 0 26.98 0 0 0 0 0 0 0 0 0 0 0 0.01 0 0 0.01 0 0 0 0 0 0 0 0 0 0 0
scrollelement	0 0 0 0 0 0 0 0 0 0 0 0 0 0 0 0 0 0 0 0 0 0 0 0 7 0 0 0 0 0 0 0 0 0 0 0 0 0 0 0 0 0 0 0 0 0 0 0 0 0
offsets	0 0 0 0 0 0 0 0 0 0 0 0 0 0 0 0 0 0 0 0 0 0 0 0 0 0 0 10 0 0 0 0 0 0 0 0 0 0 0 0 0 0 0 0 0 0 0 0 0 0
targets	0 0 0 0 0 0 0 0 0 0 0 0 0 0 0 0 0 0 0 0 0 0 0 0 0 0 0 9 0 0 0 0 0 0 0 0 0 0 0 0 0 0 0 0 0 0 0 0 0 0
activetarget	0 0 0 0 0 0 0 0 0 0 0 0 0 0 0 0 0 0 0 0 0 0 0 0 8 0 0 0 0 0 0 0 0 0 0 0 0 0 0 0 0 0 0 0 0 0 0 0 0 0
process	0 0 0 0 0 0 0 0 0 0 0 0 0 0 0 0 0 0 0 0 0 0 0 0 2.99 0 0 0 0 0 0 0 0 0 0 0.01 0 0 0 0 0 0 0 0 0 0 0 0 0 0
refresh	0 0 0 0 0 0 0 0 0 0 0 0 0 0 0 0 0 0 0 0 0.18 0 0 0 0 0 0 0 0 0 0 0.01 0 0 0 0.96 0 1.85 0 0 0 0 0 0 0 0 0 0 0 0
getscrollheight	0 0 0 0 0 0 0 0 0 0 0 0 0.02 0 0 0 0 0 0 0 0 0 0 2.98 0 0 0 0 0 0 0 0 0 0 0 0 0 0 0 0 0 0 0 0 0 0 0 0 0 0
offsetmethod	0 0 0 0 0 0 0 0 0 0 0 0 0 0 0 0 0 0 0 0 0 0 0 0.03 2.97 0 0 0 0 0 0 0 0 0 0 0 0 0 0 0 0 0 0 0 0 0 0 0 0 0
offsetbase	0 0 0 0 0 0 0 0 0 0 0 0 0 0 0 0 0 0 0 0 0 0 0 0 0 0 0 2.31 0 0 0 0 0 0 0 0.69 0 0 0 0 0 0 0 0 0 0 0 0 0 0
iswindow	0.01 0.02 0 0 0 0 0 0 0 0 0 0 0.04 0 0 0 0 0 0.06 0 0.03 0 0 0.05 0.17 0 0 0.3 0 0 0.03 0.02 0 0 0 0.17 0.03 0.02 0.02 0 0 0 0 0 0 0 0 0 0 0.03
map	0.02 0 0 0 0 0 0 0 0 0 0 0 0.04 0 0 0 0 0 0.06 0 0.05 0 0 0.16 0.21 0 0 0.25 0 0 0.01 0.05 0.07 0 0 0.06 0 0.02 0 0 0 0 0 0 0 0 0 0 0 0
sort	0.01 0.01 0 0 0 0 0 0 0 0 0 0 0.01 0 0 0 0 0 0.02 0 0.05 0 0 0.21 0.27 0 0 0.19 0 0 0 0.02 0.05 0 0 0.07 0.02 0.03 0.03 0 0 0 0 0 0 0 0 0 0 0.01
b	0 0.01 0.01 0 0 0 0 0.01 0.02 0.03 0 0 0 0 0 0 0 0.02 0 0 0 0 0 0.43 0 0 0 0 0 0.01 0.01 0 0 0.02 0 2.41 0 0 0 0 0 0 0 0 0 0 0 0.02 0 0
maxscroll	0 0 0 0 0 0 0 0 0 0 0 0 0 0 0 0 0 0 0 0 0 0 0 0.48 0.44 0 0 1.08 0 0 0 0 0 0 0 0 0 0 0 0 0 0 0 0 0 0 0 0 0 0
activate	0 0 0 0 0 0 0 0 0 0 0 0 0 0 0 0 0 0 0 0 0 0 0 6.7 0 0 0 0 0.12 0 0 0 0.18 0 0 0 0 0 0 0 0 0 0 0 0 0 0 0 0 0
clear	0 0 0 0 0 0 0 0 0 0 0 0 0 0 0 0 0 0 0 0 0 0 0 0 0 0 0 3 0 0 0 0 0 0 0 0 0 0 0 0 0 0 0 0 0 0 0 0 0 0
undefined	0.24 0.07 0 0 0 0 0.07 0.01 0 0 0 0 0 0 0 0 0 0 0.02 0 0 0 0 0.06 0.06 0 0 1.28 0 0 0 0 0.15 0 0 0.01 0.01 0.01 0 0 0 0 0 0 0 0.01 0 0 0 0
parents	0.01 0.03 0 0 0 0 0 0 0 0 0 0 0.05 0 0 0 0 0 0.03 0 0.02 0 0 0.18 0.18 0 0 0.25 0 0 0.01 0.03 0.03 0 0 0.09 0.01 0.05 0.02 0 0 0 0 0 0 0 0 0 0 0.01
parentsuntil	0 0 0 0 0 0 0 0 0 0 0 0 0.02 0 0 0 0 0 0.06 0 0.01 0 0 0.19 0.23 0 0 0.25 0 0 0.02 0.02 0.03 0 0 0.07 0.03 0.02 0.03 0 0 0 0 0 0 0 0 0 0 0.02
tab	0 0 0 0 0 0 0 0 0 0 0 0 0 0 0 0 0 0 0 0 0 0 0 0 0 0 0 0 0 0 0 0 0 0 0 0 0 0 0 0 0 0 0 0 0 0 0 0 0 30
tabs	0 0.03 0 0 0.01 0 0 0.05 0 0 0 0.14 0 0 0 0 0 0 0.01 0 0 0 0.13 0.22 0 0 0 0 0.07 0 0.06 0 0 0 0 0 0.03 0 0.08 0 0.06 0 0 0.01 0 0 0 0 0 0.1
jscs	0 0 0 0 0 0 0 0.49 0 0 0 0 0 0 0 0 0 0 0 0 0 0 0 1.1 0 0 0 0 0 0 0 0 0 0 0 0 0 0 0 0 0 0 0 0 0 0 0 0 0 0.41
disable	0.01 0 0.01 0 0 0 0 0 0.02 0.01 0.03 0.02 0 0 0.01 0 0 0.01 0 0 0 0 0.05 0.01 0 0 0 0 0 0 0.06 0.01 0.01 0 0 0 0.56 0 0.64 0 0.01 0 0 0.49 0 0 0 0 0 0.04
requiredollarbeforejqueryassignment	0 0 0 0 0 0 0 0 0 0 0 0.93 0 0 0 0 0 0 0 0 0 0 0 0 0 0 0 0 0 0 0 0 0 0 0 0 0 0 0 0 1.03 0 0 0 0 0 0 0.04 0 0
enable	0 0.5 0.01 0 0 0 0 0.01 0.02 0.01 0.02 0.02 0 0 0.01 0 0 0 0 0 0.02 0 0.05 0.01 0 0 0 0 0.28 0.01 0.04 0.02 0 0 0.01 0.01 0 0 0 0 0.02 0 0 0.75 0 0 0 0.18 0 0
ul	0 0 0 0 0 0 0 0 0 0 0 0 0 0 0 0 0 0 0 0 0 0 0.01 0.91 0 0 0 0 0 0 0 0 0 0 0 0 0 0 0 0 0 0 0 0 0 0 0 0 0 3.08
previous	0 0 0 0 0 0 0 0 0 0 0 5 0 0 0 0 0 0 0 0 0 0 0 0 0 0 0 0 0 0 0 0 0 0 0 0 0 0 0 0 0 0 0 0 0 0 0 0 0 0
last	0 0.03 0 0 0.03 0 0 0.02 0 0 0 0.17 0 0 0 0 0 0 0.06 0 0 0 0.14 0.17 0 0 0 0 0.1 0 0 0 0 0 0 0 0.03 0 0.09 0 0.07 0 0 0.04 0 0 0 0.01 0 0.04
hideevent	0 0 0 0 0 0 0 0.56 0 0 0 0 0 0 0 0 0 0 0 0 0 0 0 0 0 0 0 0 0 0 0 0 0 0 0 0 0 0 0 0 0 0 0 0 0 0 0 0.84 0 1.6
container	0 0 0 0 0 0 0 0 0.02 0.25 0 0 0 0 0.18 0.06 0 0.02 0 0 0 0 0 0 0 0 0 0 0 0.32 0 0.05 0 0 0 0 0 0 5.1 0 0 0 0 0 0 0 0 0 0 0
pill	0 0.04 0 0 0.02 0 0 0.03 0 0 0 0.21 0 0 0 0 0 0 0.07 0 0 0 0.14 0.11 0 0 0 0 0.06 0 0.03 0 0 0 0 0 0.04 0 0.07 0 0.08 0 0 0.03 0 0 0 0.01 0 0.06
inspired	0.02 0 0.12 0 0 0 0 0 0.04 0.12 0.05 0 0 0 0.11 0.04 0 0.06 0 0 0.02 0 0 0 0 0 0 0 0 0.13 0.03 0.04 0.01 0.12 0 0.02 0 0 0.01 0 0 0 0 0.06 0 0 0 0 0 0
original	0 0 0 0 0 0 0 0 4 0 0 0 0 0 0 0 0 0 0 0 0 0 0 0 0 0 0 0 0 0 0 0 0 0 0 0 0 0 0 0 0 0 0 0 0 0 0 0 0 0
tipsy	0.02 0 0.12 0 0 0 0 0.01 0.07 0.11 0.02 0 0 0 0.05 0.01 0 0.09 0 0 0.04 0 0 0 0 0 0 0 0.01 0.11 0 0.04 0.01 0.13 0 0.08 0.01 0 0.01 0 0 0 0 0.05 0 0 0 0.01 0 0
jason	0.02 0.02 0.06 0 0 0 0 0.04 0.09 0.1 0.03 0 0 0 0.11 0.02 0 0.05 0 0 0.02 0 0 0 0 0 0 0 0.01 0.07 0.01 0.06 0.02 0.12 0.01 0.07 0.01 0 0 0 0 0 0 0.04 0 0 0 0.02 0 0
frame	0.02 0.02 0.09 0 0 0 0 0.03 0.11 0.07 0.02 0 0 0 0.04 0.04 0 0.1 0 0 0.02 0 0 0 0 0 0 0 0 0.12 0.05 0.06 0.02 0.08 0.01 0.05 0.01 0 0.01 0 0 0 0 0 0 0 0 0.03 0 0
enabled	0 0 0 0 0 0 0 0 0 6.96 0 0 0 0 0 0 0 0 0 0 0 0 0 0 0 0 0 0 0 0 0 0 0 0 0 0.01 0 0 0.01 0 0 0 0 0.01 0 0 0 0.01 0 0
timeout	0 0 5.97 0 0 0 0 0 0 0 0 0 0 0 0 0 0 0 0 0 0 0 0 0 0 0 0 0 0 0 0 0.03 0 0 0 0 0 0 0 0 0 0 0 0 0 0 0 0 0 0
hoverstate	0 0 11 0 0 0 0 0 0 0 0 0 0 0 0 0 0 0 0 0 0 0 0 0 0 0 0 0 0 0 0 0 0 0 0 0 0 0 0 0 0 0 0 0 0 0 0 0 0 0
instate	0.01 0 0 0 0 0 0 0.01 0 0 0 0 0 0 0 0 0 0.03 0 0 0 0 0 0 0 0 0 0 0 7.94 0 0 0 0 0 0 0 0 0 0 0 0 0 0.01 0 0 0 0 0 0
animation	0 0.32 0.64 0 0 0 0 0 0 1.04 0 0 0 0 0 0 0 0 0 0 0 0 0 0 0 0 0 0 0 0 0 0 0 0 0 0 0 0 0 0 0 0 0 0 0 0 0 0 0 0
inner	0.07 0 0 0 0 0 0 0 0 0 1.03 0 0 0 0.1 0 0 0.03 0 0 0 0 0 0 0 0 0 0 0 0.58 0 0 0 0.12 0 0 0 0 0 0 0 0 0 0 0 0 0 0 0 0.07
delay	0 0 0 0 0 0 0 0 5.32 6.68 0 0 0 0 0 0 0 0 0 0 0 0 0 0 0 0 0 0 0 0 0 0 0 0 0 0 0 0 0 0 0 0 0 0 0 0 0 0 0 0
viewport	0 0 0 0 0 0 0 0 0 0.06 0 0 0 0 0.03 0 0 0.02 0 0 0 0 0 0 0 0 0 0 0 0 0 0 0 12.89 0 0 0 0 0 0 0 0 0 0 0 0 0 0 0 0
getoptions	0 0 0 0 0 0 0 0 0.83 0.38 0 0 0 0 0.09 0 0 0 0 0 0 0 0 0 0 0 0 0 0 0 0 0 0 0.7 0 0 0 0 0 0 0 0 0 0 0 0 0 0 0 0
isfunction	0.01 0.03 0.05 0 0 0 0 0.03 0.02 0.12 0.01 0 0 0 0.07 0.02 0 0.08 0 0 0.04 0 0 0 0 0 0 0 0 0.15 0.05 0.05 0.01 0.13 0.03 0.01 0.01 0 0.01 0 0 0 0 0.04 0 0 0 0.02 0 0.01
instanceof	0 0 0 0 0 0 0 0 0 4.99 0 0 0 0 0 0 0 0 0 0 0 0 0 0 0 0 0 0 0 0 0 0 0 0 0 0 0 0 0 0 0 0 0 0.01 0 0 0 0 0 0
must	0 0 0 0 0 0 0 0 1.54 0 0 0 0 0 0 0 0 0 0 0 0 0 0 0 0 0 0 0 0 0 0 0 0 0 0 0 0 0 0 0 0 0 0 1.46 0 0 0 0 0 0
be	0.01 0.03 0.13 0 0 0 0 0.01 0.06 0.03 0.07 0 0 0 0.03 0.02 0 0.13 0 0 0.04 0 0 0 0 0 0 0 0 0.1 0.02 0.08 0.01 0.04 0.01 0.09 0.02 0 0.01 0 0 0 0 0.05 0 0 0 0 0 0.01
specified	0.01 0 0.08 0 0 0 0 0.03 0.11 0.11 0.06 0 0 0 0.09 0.02 0 0.1 0 0 0.02 0 0 0 0 0 0 0 0 0.13 0.01 0.02 0.01 0.07 0.01 0.05 0 0 0.01 0 0 0 0 0.02 0 0 0 0.03 0 0.01
when	0 0 0.05 0 0 0 0 0.01 0.15 0.08 0.05 0 0 0 0.1 0.02 0 0.11 0 0 0.02 0 0 0 0 0 0 0 0.01 0.09 0.02 0.03 0 0.11 0.03 0.03 0.02 0 0.01 0 0 0 0 0.04 0 0 0 0.02 0 0
triggers	0 0 2.99 0 0 0 0 0 0 0 0 0 0 0 0 0 0 0.01 0 0 0 0 0 0 0 0 0 0 0 0 0 0 0 0 0 0 0 0 0 0 0 0 0 0 0 0 0 0 0 0
split	0.02 0.02 0.09 0 0 0 0 0.01 0.13 0.11 0.02 0 0 0 0.09 0.02 0 0.09 0 0 0.01 0 0 0 0 0 0 0 0.01 0.08 0.02 0.1 0.02 0.05 0 0.05 0 0 0.03 0 0 0 0 0.01 0 0 0 0.01 0 0.01
manual	0 0 0 0 0 0 0 0 0 0 0.33 0 0 0 0 0 0 0 0 0 0 0 0 0 0 0 0 0 0 0 0 0 0 0 0 1.67 0 0 0 0 0 0 0 0 0 0 0 0 0 0
eventin	0 0 0 0 0 0 0 0 1.55 0.45 0 0 0 0 0 0 0 0 0 0 0 0 0 0 0 0 0 0 0 0 0 0 0 0 0 0 0 0 0 0 0 0 0 0 0 0 0 0 0 0
eventout	0 0 0.94 0 0 0 0 0 0 0.22 0.43 0 0 0 0 0 0 0 0 0 0 0 0 0 0 0 0 0 0 0 0 0 0.07 0.34 0 0 0 0 0 0 0 0 0 0 0 0 0 0 0 0
focusout	0 0 0.22 0 0 0 0 0 0 0 0 0 0 0 0 0 0 0.29 0 0 0 0 0 0 0 0 0 0 0 0 0 0.07 0 0 0 1.42 0 0 0 0 0 0 0 0 0 0 0 0 0 0
enter	0 0 0 0 0 0 0 0.12 0 0 0 0 0 0 0 0 0 0 0 0 0 0 0 0 0 0 0 0 0 3.21 0 0 0 0.67 0 0 0 0 0 0 0 0 0 0 0 0 0 0 0 0
leave	0 0 0.01 0 0 0 0 0 0 0 0 0 0 0 0 0 0 3.57 0 0 0 0 0 0 0 0 0 0 0 1.42 0 0 0 0 0 0 0 0 0 0 0 0 0 0 0 0 0 0 0 0
_options	0 0 0 0 0 0 0 0 0 0 0 0 0 0 0 0.01 0 0 0 0 0 0 0 0 0 0 0 0 0 0 0 0 0 2.98 0 0 0 0 0 0 0 0 0 0 0 0 0 0 0 0.01
fixtitle	0 0 0 0 0 0 0 0 0 0.84 0 0 0 0 0.35 0 0 0 0 0 0 0 0 0 0 0 0 0 0 0 0 0 0 0.7 0 0.11 0 0 0 0 0 0 0 0 0 0 0 0 0 0
getdelegateoptions	0 0 0 0 0 0 0 0 0 0 0 0 0 0 0 0 0 3.98 0 0 0 0 0 0 0 0 0 0 0 0 0 0 0 0 0 0.02 0 0 0 0 0 0 0 0 0 0 0 0 0 0
key	0 0 3.22 0 0 0 0 0 0 0 0 0 0 0 0 0 0 0.04 0 0 0 0 0 0 0 0 0 0 0 1.74 0 0 0 0 0 0 0 0 0 0 0 0 0 0 0 0 0 0 0 0
value	0 0 0 0 0 0 0 0 0 0 0 0 0 0 0 0 0 0 0 0 0 0 0 0 0 0 0 0 0 2.58 0 0 0 0 0 0 0 0 0 0 0 0 0 0.31 0 0 0 0 0 0.11
obj	0 0 0 0 0 0 0 0 0 0 0 0 0 0 0 0 0 0 0 0 0 0 0 0 0 0 0 0 0 0 0 0 0 16 0 0 0 0 0 0 0 0 0 0 0 0 0 0 0 0
self	0 0 0 0 0 0 0 0 0 0 0 0 0 0 0 0 0 0 0 0 0 0 0 0 0 0 0 0 0 0 0 0 0 49 0 0 0 0 0 0 0 0 0 0 0 0 0 0 0 0
cleartimeout	0 0 0.26 0 0 0 0 0 0 0 0 0 0 0 0 0 0 0 0 0 0 0 0 0 0 0 0 0 0 0 0 0 0 2.74 0 0 0 0 0 0 0 0 0 0 0 0 0 0 0 0
isinstatetrue	0 0 2.98 0 0 0 0 0 0 0 0 0 0 0 0 0 0 0 0 0 0 0 0 0 0 0 0 0 0 0.01 0 0 0 0 0 0 0 0 0 0 0 0 0 0 0 0 0 0.01 0 0
out	0 0 0 0 0 0 0 0 0 0.01 0 0 0 0 0 0 0 0 0 0 0 0 0 0 0 0 0 0 0 0 1.15 0 0 1.09 0 0 0 0 0 0 0 0 0 0.75 0 0 0 0 0 0
indom	0 0 0 0 0 0 0 0 0 0 0 0 0 0 0 0 0 0 0 0 0 0 0 0 0 0 0 0 0 0 0 0 0 2 0 0 0 0 0 0 0 0 0 0 0 0 0 0 0 0
ownerdocument	0.02 0.01 0.12 0 0 0 0 0.02 0.02 0.09 0.07 0 0 0 0.06 0.03 0 0.11 0 0 0.02 0 0 0 0 0 0 0 0.01 0.06 0 0.05 0.01 0.1 0.01 0.09 0.02 0 0.02 0 0 0 0 0.03 0 0 0 0.02 0 0.01
tipid	0 0 0 0 0 0 0 0 0 0 0 0 0 0 0 0 0 0 0 0 0 0 0 0 0 0 0 0 0 0 0 0.01 0 2.99 0 0 0 0 0 0 0 0 0 0 0 0 0 0 0 0
getuid	0 0 0.3 0 0 0 0 0 0 0 0 0 0 0 0 0 0 1.7 0 0 0 0 0 0 0 0 0 0 0 0 0 0 0 0 0 0 0 0 0 0 0 0 0 0 0 0 0 0 0 0
describedby	0 0 0 0 0 0 0 0 0 0 0.2 0 0 0 0.66 0 0 0.18 0 0 0.96 0 0 0 0 0 0 0 0 0 0 0 0 0 0 0 0 0 0 0 0 0 0 0 0 0 0 0 0 0
autotoken	0 0 0 0 0 0 0 0 3 0 0 0 0 0 0 0 0 0 0 0 0 0 0 0 0 0 0 0 0 0 0 0 0 0 0 0 0 0 0 0 0 0 0 0 0 0 0 0 0 0
auto	0.02 0 0.1 0 0 0 0 0.06 0.1 0.07 0.03 0 0 0 0.08 0.03 0 0.14 0 0 0.01 0 0 0 0 0 0 0 0 0.06 0.01 0.07 0.02 0.06 0.01 0.03 0.01 0 0.01 0 0 0 0 0.05 0.01 0 0 0.02 0 0
autoplace	0 0 0 0 0 0 0 0 0 2.51 0 0 0 0 0 0 0 0 0 0 0 0 0 0 0 0 0 0 0 0 0 0 0 0 0 0 0 0 0 0 0 0 0 0 0 0 0 0.49 0 0
display	0.01 0.01 0.11 0 0 0 0 0.01 0.09 0.13 0.07 0 0 0 0.04 0.01 0 0.09 0 0 0 0 0 0 0 0 0 0 0 0.09 0.03 0.07 0 0.05 0 0.05 0.04 0 0.04 0 0 0 0 0.03 0 0 0 0.02 0 0.01
block	0 0.03 0.1 0 0 0 0 0.03 0.06 0.11 0.05 0 0 0 0.1 0.01 0 0.1 0 0 0.04 0 0 0 0 0 0 0 0 0.09 0 0.05 0.01 0.06 0.01 0.04 0.04 0 0.01 0 0 0 0 0.01 0 0 0 0.02 0 0.03
inserted	0.01 0.01 0.09 0 0 0 0 0.02 0.05 0.11 0.05 0 0 0 0.08 0.04 0 0.08 0 0 0.04 0 0 0 0 0 0 0 0.01 0.1 0.03 0.03 0.01 0.09 0.03 0.04 0.01 0 0.02 0 0 0 0 0.04 0 0 0 0.01 0 0
getposition	0 0 3.99 0 0 0 0 0 0.01 0 0 0 0 0 0 0 0 0 0 0 0 0 0 0 0 0 0 0 0 0 0 0 0 0 0 0 0 0 0 0 0 0 0 0 0 0 0 0 0 0
actualwidth	0 0 0 0 0 0 0 0 0 0 0 0 0 0 12.98 0 0 0 0 0 0 0 0 0 0 0 0 0 0 0 0 0 0 0.02 0 0 0 0 0 0 0 0 0 0 0 0 0 0 0 0
actualheight	0 0 0 0 0 0 0 0 0 0 0 0 0 0 0 0 0 15 0 0 0 0 0 0 0 0 0 0 0 0 0 0 0 0 0 0 0 0 0 0 0 0 0 0 0 0 0 0 0 0
orgplacement	0 0 0 0 0 0 0 0 0 1.69 0 0 0 0 0 0 0 0.14 0 0 0 0 0 0 0 0 0 0 0 0 0 0 0 0.17 0 0 0 0 0 0 0 0 0 0 0 0 0 0 0 0
viewportdim	0 0 0 0 0 0 0 0 0 0 0 0 0 0 0 0 0 0 0 0 1.12 0 0 0 0 0 0 0 0 0 0 0 0 3.87 0 0 0.01 0 0 0 0 0 0 0 0 0 0 0 0 0
calculatedoffset	0 0 0 0 0 0 0 0 0 0 0 0 0 0 0 0 0 2 0 0 0 0 0 0 0 0 0 0 0 0 0 0 0 0 0 0 0 0 0 0 0 0 0 0 0 0 0 0 0 0
getcalculatedoffset	0 0 0 0 0 0 0 0 0 0.88 0 0 0 0 0 0 0 0 0 0 0 0 0 0 0 0 0 0 0 0 0 0 0 1.12 0 0 0 0 0 0 0 0 0 0 0 0 0 0 0 0
applyplacement	0 0 0.96 0 0 0 0 0 0 0 0 0 0 0 0 0 0 0 0 0 0 0 0 0 0 0 0 0 0 0 0.04 0 0 1 0 0 0 0 0 0 0 0 0 0 0 0 0 0 0 0
prevhoverstate	0 0 0.32 0 0 0 0 0 0.54 0 0 0 0 0 0 0 0 0.41 0 0 0 0 0 0 0 0 0 0 0 0.28 0 0 0 0 0 0 0 0 0 0 0 0 0 0.45 0 0 0 0 0 0
read	0.01 0.02 0.16 0 0 0 0 0.04 0.08 0.08 0.03 0 0 0 0.07 0.02 0 0.08 0 0 0.02 0 0 0 0 0 0 0 0 0.06 0.01 0.08 0.01 0.11 0.01 0.01 0.05 0 0 0 0 0 0 0.03 0 0 0 0.01 0 0.01
margins	0.01 0.03 0.1 0 0 0 0 0.03 0.06 0.06 0.06 0 0 0 0.09 0.02 0 0.11 0 0 0.02 0 0 0 0 0 0 0 0 0.1 0.03 0.03 0 0.11 0 0.03 0.02 0 0 0 0 0 0 0.07 0 0 0 0.02 0 0
includes	0.02 0 0.05 0 0 0 0 0.03 0.08 0.07 0.05 0 0 0 0.11 0.01 0 0.11 0 0 0.03 0 0 0 0 0 0 0 0 0.12 0.03 0.03 0.02 0.11 0.01 0.05 0.01 0 0.01 0 0 0 0 0.04 0 0 0 0.01 0 0
difference	0.02 0.03 0.1 0 0 0 0 0.05 0.06 0.07 0.09 0 0 0 0.06 0.01 0 0.08 0 0 0.02 0 0 0 0 0 0 0 0 0.08 0.01 0.07 0.02 0.08 0.04 0.03 0.03 0 0.01 0 0 0 0 0.01 0 0 0 0.01 0 0.02
margintop	0 0 0 0 0 0 0 0 2.88 0 0 0 0 0 0 0 0 0 0 0 0 0 0 0 0 0 0 0 0 0 0 0 0 1.12 0 0 0 0 0 0 0 0 0 0 0 0 0 0 0 0
margin	0 0 0 0 0 0 0 0 0 0.86 0 0 0 0 1.14 0 0 0 0 0 0 0 0 0 0 0 0 0 0 0 0 0 0 0 0 0 0 0 0 0 0 0 0 0 0 0 0 0 0 0
marginleft	0 0 0 0 0 0 0 0 0 4 0 0 0 0 0 0 0 0 0 0 0 0 0 0 0 0 0 0 0 0 0 0 0 0 0 0 0 0 0 0 0 0 0 0 0 0 0 0 0 0
check	0 0 0 0 0 0 0 0 0 0 0.35 0 0 0 0 0 0 0.19 0 0 0.23 0 0 0 0 0 0 0 0 1.23 0 0 0 0 0 0 0 0 0 0 0 0 0 0 0 0 0 0 0 0
nan	0 0.03 0.1 0 0 0 0 0.01 0.02 0.07 0.05 0 0 0 0.06 0.01 0 0.15 0 0 0.06 0 0 0 0 0 0 0 0.01 0.09 0 0.04 0 0.12 0.04 0.07 0 0 0.02 0 0 0 0 0.04 0 0 0 0.01 0 0
ie	0 0.04 0.13 0 0 0 0 0.04 0.02 0.04 0.03 0 0 0 0.06 0.04 0 0.07 0 0 0.08 0 0 0 0 0 0 0 0 0.1 0.02 0.07 0.02 0.12 0.03 0.03 0.01 0 0 0 0 0 0 0.01 0 0 0 0.02 0 0.02
isnan	0 0.02 0 0 0 0 0 0 0.27 0 0 0 0 0 0.77 0 0 0.31 0 0 0 0 0 0 0 0 0 0 0 0 0 0.07 0 0.56 0 0 0 0 0 0 0 0 0 0 0 0 0 0 0 0
round	0 0 0 0 0 0 0 0 0 1.08 0.01 0 0 0 0 0 0 0 0 0 0 0 0 0 0 0 0 0 0 0 0 0.18 0 1.72 0 0 0 0 0.01 0 0 0 0 0 0 0 0 0 0 0
pixel	0.01 0 0.12 0 0 0 0 0.03 0.07 0.07 0.04 0 0 0 0.05 0.02 0 0.11 0 0 0.05 0 0 0 0 0 0 0 0.01 0.07 0 0.08 0.05 0.09 0.01 0.05 0.02 0 0 0 0 0 0 0.04 0 0 0 0.01 0 0
values	0.01 0.01 0.12 0 0 0 0 0 0.06 0.12 0.05 0 0 0 0.08 0.03 0 0.05 0 0 0.06 0 0 0 0 0 0 0 0.02 0.06 0.02 0.03 0 0.07 0.05 0.01 0.03 0 0 0 0 0 0 0.08 0 0 0 0.04 0 0
so	0 0 1.04 0 0 0 0 0 0.64 0 0 0 0 0 0 0 0 0 0 0 0 0 0 0 0 0 0 0 0 0 0.19 0 0.05 0 0 0.08 0 0 0 0 0 0 0 0 0 0 0 0 0 0
setoffset	0 0 0 0 0 0 0 0 0 0 1.04 0 0 0 0 0 0 0 0 0 0 0 0 0 0 0 0 0 0 0 0 0 0 0.64 0 0.29 0 0 0 0 0 0 0 0.03 0 0 0 0 0 0
directly	0.02 0.02 0.07 0 0 0 0 0.02 0.08 0.09 0.04 0 0 0 0.08 0 0 0.06 0 0 0.06 0 0 0 0 0 0 0 0.01 0.12 0.02 0.08 0.01 0.09 0.01 0.06 0.03 0 0 0 0 0 0 0.03 0 0 0 0 0 0
with	0.01 0.02 0.05 0 0 0 0 0.02 0.1 0.11 0.02 0 0 0 0.11 0.04 0 0.05 0 0 0.05 0 0 0 0 0 0 0 0 0.09 0.01 0.06 0.03 0.1 0 0.05 0.01 0 0.02 0 0 0 0 0.03 0 0 0 0.02 0 0
our	0.04 0.03 0.11 0 0 0 0 0.02 0.06 0.1 0.05 0 0 0 0.04 0.04 0 0.05 0 0 0.01 0 0 0 0 0 0 0 0 0.07 0.03 0.09 0.02 0.07 0.03 0.06 0 0 0.02 0 0 0 0 0.02 0 0 0 0.03 0 0.01
own	0 0 0.1 0 0 0 0 0.01 0.1 0.14 0.04 0 0 0 0.09 0.02 0 0.06 0 0 0.03 0 0 0 0 0 0 0 0.04 0.1 0.02 0.02 0.01 0.12 0.01 0.01 0.02 0 0.01 0 0 0 0 0.01 0 0 0 0.03 0 0.01
using	0 0.04 0.07 0 0 0 0 0.01 0.05 0.16 0.03 0 0 0 0.11 0.03 0 0.08 0 0 0.02 0 0 0 0 0 0 0 0 0.1 0 0.04 0.02 0.05 0.04 0.08 0 0 0 0 0 0 0 0.05 0 0 0 0.01 0 0.01
props	0 0 1.71 0 0 0 0 0 0 1.06 0.01 0 0 0 0 0 0 0 0 0 0 0 0 0 0 0 0 0 0 0.22 0 0 0 0 0 0 0 0 0 0 0 0 0 0 0 0 0 0 0 0
see	0.15 0 0 0 0 0 0 0 0 1.34 0 0 0 0 0 0 0 0.36 0 0 0.04 0 0 0 0 0 0 0 0 0 0 0 0 0 0 0 0 0 0 0 0 0 0 0.11 0 0 0 0 0 0
placing	0.02 0.05 0.06 0 0 0 0 0.01 0.08 0.1 0.06 0 0 0 0.09 0.02 0 0.09 0 0 0.03 0 0 0 0 0 0 0 0 0.07 0.01 0.02 0.01 0.19 0.01 0.05 0.01 0 0.02 0 0 0 0 0 0 0 0 0 0 0
caused	0.01 0.03 0.12 0 0 0 0 0.03 0.06 0.09 0.09 0 0 0 0.04 0.02 0 0.07 0 0 0 0 0 0 0 0 0 0 0.02 0.11 0.01 0.03 0.03 0.09 0.01 0.08 0.01 0 0 0 0 0 0 0.05 0 0 0 0 0 0
itself	0.01 0.03 0.08 0 0 0 0 0.03 0.07 0.14 0.04 0 0 0 0.06 0.03 0 0.08 0 0 0.03 0 0 0.01 0 0 0 0 0 0.08 0.01 0.06 0.03 0.08 0 0.03 0.01 0 0 0 0 0 0 0.06 0 0 0 0.02 0 0.01
getviewportadjusteddelta	0 0 0 0 0 0 0 0 0.41 0 0.09 0 0 0 0 0 0 0.42 0 0 0.15 0 0 0 0 0 0 0 0 0 0 0 0 0.7 0 0.23 0 0 0 0 0 0 0 0 0 0 0 0 0 0
isvertical	0 0 0.1 0 0 0 0 0 0 0 0 0 0 0 0 0 0 6.9 0 0 0 0 0 0 0 0 0 0 0 0 0 0 0 0 0 0 0 0 0 0 0 0 0 0 0 0 0 0 0 0
arrowdelta	0.09 0 0 0 0 0 0 0 0 0 0 0 0 0 0 0 0 0.85 0 0 0 0 0 0 0 0 0 0 0 0 0 0 0 0 0 1.06 0 0 0 0 0 0 0 0 0 0 0 0 0 0
arrowoffsetposition	0 0 0 0 0 0 0 1.22 0.78 0 0 0 0 0 0 0 0 0 0 0 0 0 0 0 0 0 0 0 0 0 0 0 0 0 0 0 0 0 0 0 0 0 0 0 0 0 0 0 0 0
replacearrow	0 0 1.01 0 0 0 0 0 0 0.99 0 0 0 0 0 0 0 0 0 0 0 0 0 0 0 0 0 0 0 0 0 0 0 0 0 0 0 0 0 0 0 0 0 0 0 0 0 0 0 0
isbody	0 0 0 0 0 0 0 0 0 0 0 0 0 0 0 0 0 3.99 0 0 0 0 0 0 0 0 0 0 0 0 0 0 0 0 0 0.01 0 0 0 0 0 0 0 0 0 0 0 0 0 0
elrect	0 0 0 0 0 0 0 0.01 0 0 0.01 0 0 0 0 0 0 0 0 0 0 0 0 0 0 0 0 0 0 0 0 0 0 8.98 0 0 0 0 0 0 0 0 0 0 0 0 0 0 0 0
and	0.01 0.03 0.08 0 0 0 0 0.03 0.05 0.07 0.06 0 0 0 0.05 0 0 0.08 0 0 0.03 0 0 0 0 0 0 0 0.01 0.09 0.02 0.04 0.02 0.15 0.03 0.04 0.03 0 0.01 0 0 0 0 0.04 0 0 0 0.03 0 0
compute	0 0.02 0.15 0 0 0 0 0.03 0.08 0.08 0.08 0 0 0 0.06 0 0 0.02 0 0 0.1 0 0 0 0 0 0 0 0 0.05 0.04 0.08 0.01 0.05 0.02 0.05 0.01 0 0.01 0 0 0 0 0.02 0 0 0 0.03 0 0.01
them	0.03 0.02 0.06 0 0 0 0 0.05 0.08 0.11 0.08 0 0 0 0.04 0 0 0.11 0 0 0.01 0 0 0 0 0 0 0 0.01 0.07 0 0.01 0.01 0.12 0.03 0.06 0.02 0 0.01 0 0 0 0 0.02 0 0 0 0.04 0 0.01
issues	0.01 0.02 0.06 0 0 0 0 0.02 0.06 0.08 0.04 0 0 0 0.11 0 0 0.07 0 0 0.02 0 0 0 0 0 0 0 0 0.11 0.01 0.09 0.01 0.1 0.04 0.07 0.01 0 0 0 0 0 0.01 0.03 0 0 0 0.03 0 0
eloffset	0 0 0 0 0 0 0 0 0.16 0.36 0 0 0 0 0 0 0 0 0 0 0 0 0 0 0 0 0 0 0 0 0 0 0 1.11 0 0.37 0 0 0 0 0 0 0 0 0 0 0 0 0 0
outerdims	0 0 0 0 0 0 0 0 0 0 0 0 0 0 0.44 0 0 0 0 0 0 0 0 0 0 0 0 0 0 0.26 0 0 0 1.01 0 0.29 0 0 0 0 0 0 0 0 0 0 0 0 0 0
viewportpadding	0 0 4.93 0 0 0 0 0 0 0 0 0 0 0 0 0 0 0.07 0 0 0 0 0 0 0 0 0 0 0 0 0 0 0 0 0 0 0 0 0 0 0 0 0 0 0 0 0 0 0 0
viewportdimensions	0 0 13.99 0 0 0 0 0 0 0 0 0 0 0 0 0 0 0 0 0 0 0 0 0 0 0 0 0 0 0 0 0 0 0.01 0 0 0 0 0 0 0 0 0 0 0 0 0 0 0 0
topedgeoffset	0 0 0 0 0 0 0 0 0 0 0 0 0 0 0 0 0 0 0 0 0 0 0 0 0 0 0 0 0 3 0 0 0 0 0 0 0 0 0 0 0 0 0 0 0 0 0 0 0 0
bottomedgeoffset	0 0 0.01 0 0 0 0 0 0 0 0 0 0 0 0 0 0 0 0 0 0 0 0 0 0 0 0 0 0 0 0 0 0 2.99 0 0 0 0 0 0 0 0 0 0 0 0 0 0 0 0
overflow	0 0 0 0 0 0 0 0 0 4 0 0 0 0 0 0 0 0 0 0 0 0 0 0 0 0 0 0 0 0 0 0 0 0 0 0 0 0 0 0 0 0 0 0 0 0 0 0 0 0
leftedgeoffset	0 0 0 0 0 0 0 0 0.01 0 0.9 0 0 0 0 0 0 1.93 0 0 0 0 0 0 0 0 0 0 0 0 0 0 0 0 0 0.16 0 0 0 0 0 0 0 0 0 0 0 0 0 0
rightedgeoffset	0 0 0 0 0 0 0 0 0 0 0 0 0 0 0 0 0 0 0 0 0.01 0 0 0 0 0 0 0 0 2.98 0 0 0.01 0 0 0 0 0 0 0 0 0 0 0 0 0 0 0 0 0
prefix	0 0 0 0 0 0 0 0 0 0 0 0 0 0 0 0 0 3.02 0 0 0 0 0 0 0 0 0 0 0 0.98 0 0 0 0 0 0 0 0 0 0 0 0 0 0 0 0 0 0 0 0
random	0.01 0.03 0.08 0 0 0 0 0.03 0.13 0.07 0.03 0 0 0 0.06 0.04 0 0.06 0 0 0.04 0 0 0 0 0 0 0 0 0.08 0.02 0.09 0.03 0.07 0 0.03 0 0 0.02 0 0 0 0 0.05 0 0 0 0.03 0 0
while	0.01 0 0.1 0 0 0 0 0.04 0.04 0.06 0.01 0 0 0 0.13 0 0 0.07 0 0 0.04 0 0 0 0 0 0 0 0 0.11 0.01 0.08 0.01 0.12 0 0.06 0.02 0 0.01 0 0 0 0 0.06 0 0 0 0.01 0 0.01
getelementbyid	0 0 0.08 0 0 0 0 0.01 0.09 0.08 0.08 0 0 0 0.05 0.05 0 0.09 0 0 0.03 0 0 0.01 0 0 0 0 0 0.08 0 0.07 0 0.15 0.02 0.03 0.01 0 0.01 0 0 0 0 0.04 0 0 0 0.01 0 0.01
consist	0.01 0.01 0.1 0 0 0 0 0.03 0.08 0.07 0.02 0 0 0 0.06 0.01 0 0.06 0 0 0.06 0 0 0 0 0 0 0 0 0.08 0.06 0.01 0.01 0.1 0.04 0.07 0.03 0 0.01 0 0 0 0 0.05 0 0 0 0.01 0 0.02
of	0.01 0 0.07 0 0 0 0 0.01 0.1 0.1 0.06 0 0 0 0.09 0.05 0 0.07 0 0 0.03 0 0 0 0 0 0 0 0 0.07 0.06 0.05 0.01 0.06 0.02 0.04 0.03 0 0.02 0 0 0 0 0.04 0 0 0 0.01 0 0
exactly	0.01 0.01 0.06 0 0 0 0 0.03 0.13 0.06 0.03 0 0 0 0.05 0.04 0 0.08 0 0 0.06 0 0 0 0 0 0 0 0.01 0.07 0.01 0.04 0.02 0.1 0.05 0.06 0.01 0 0.02 0 0 0 0 0.04 0 0 0 0.01 0 0
level	0 0.01 0.12 0 0 0 0 0.02 0.12 0.08 0.02 0 0 0 0.09 0 0 0.11 0 0 0.02 0 0 0 0 0 0 0 0.01 0.11 0 0.09 0 0.06 0 0.03 0.03 0 0.01 0 0 0 0 0.07 0 0 0 0 0 0
toggleenabled	0 0.02 0.1 0 0 0 0 0.02 0.12 0.12 0.06 0 0 0 0.11 0.02 0 0.1 0 0 0.04 0 0 0 0 0 0 0 0 0.05 0.02 0.07 0.01 0.05 0 0.02 0.01 0 0.01 0 0 0 0 0.02 0 0 0 0.03 0 0
removedata	0 0.01 0.13 0 0 0 0 0.04 0.07 0.1 0.03 0 0 0 0.12 0.02 0 0.08 0 0 0.03 0 0 0 0 0 0 0 0.02 0.07 0.03 0.07 0 0.06 0 0.02 0.01 0 0 0 0 0 0 0.06 0 0 0 0.03 0 0
transitions	0.25 0 0 0 0 0 0.96 0 0 0 0 0 0 0 0 0 0 0 0 0 0 0 0 0 0 0 0 0 0 0 0 0 0 0 0.79 0 0 0 0 0 0 0 0 0 0 0 0 0 0 0
shoutout	0.23 0.01 0 0 0 0 0.51 0 0 0 0 0 0 0 0 0 0 0 0 0 0 0 0 0 0 0 0 0.04 0 0 0 0 0.03 0 0.04 0 0.03 0 0.02 0 0 0 0 0 0 0.04 0 0 0 0.05
www	0.15 0.01 0 0 0 0 0.56 0.02 0 0 0 0 0 0 0 0 0 0 0.01 0 0 0 0 0 0 0 0 0.1 0 0 0 0 0.01 0 0.04 0 0.02 0 0.01 0 0 0 0 0 0 0.03 0 0.01 0 0.03
modernizr	0.23 0.03 0 0 0 0 0.49 0.01 0 0 0 0 0 0 0 0 0 0 0.01 0 0 0 0 0 0 0 0 0.04 0 0 0 0 0.02 0 0.05 0 0.01 0 0.01 0 0 0 0 0 0 0.04 0 0.02 0 0.04
transitionend	0 0 0 0 0 0 4 0 0 0 0 0 0 0 0 0 0 0 0 0 0 0 0 0 0 0 0 0 0 0 0 0 0 0 0 0 0 0 0 0 0 0 0 0 0 0 0 0 0 0
transendeventnames	0 0 0 0 0 0 1.16 0 0 0 0 0 0 0 0 0 0 0 0 0 0 0 0 0 0 0 0 1.84 0 0 0 0 0 0 0 0 0 0 0 0 0 0 0 0 0 0 0 0 0 0
webkittransition	0.12 0.03 0 0 0 0 0.62 0.01 0 0 0 0 0 0 0 0 0 0 0.01 0 0 0 0 0 0 0 0 0.06 0 0 0 0 0.01 0 0.04 0 0 0 0.02 0 0 0 0 0 0 0.05 0 0 0 0.03
webkittransitionend	0.14 0.03 0.01 0 0 0 0.59 0.01 0 0 0 0 0 0 0 0 0 0 0.01 0 0 0 0 0 0 0 0 0.04 0 0 0 0 0.01 0 0.04 0 0.02 0 0.02 0 0 0 0 0 0 0.05 0 0 0 0.03
moztransition	0.16 0 0 0 0 0 0.53 0.02 0 0 0 0 0 0 0 0 0 0 0.03 0 0 0 0 0 0 0 0 0.05 0 0 0 0 0 0 0.08 0 0.01 0 0.04 0 0 0 0 0 0 0.04 0 0 0 0.04
otransition	0.15 0 0 0 0 0 0.54 0.02 0 0 0 0 0 0 0 0 0 0 0.01 0 0 0 0 0 0 0 0 0.06 0 0 0 0 0.03 0 0.04 0 0 0 0.01 0.01 0 0 0 0 0 0.07 0 0.02 0 0.04
otransitionend	0 0 0 0 0 0 2 0 0 0 0 0 0 0 0 0 0 0 0 0 0 0 0 0 0 0 0 0 0 0 0 0 0 0 0 0 0 0 0 0 0 0 0 0 0 0 0 0 0 0
name	0 0 0 0 0 0 3 0 0 0 0 0 0 0 0 0 0 0 0 0 0 0 0 0 0 0 0 0 0 0 0 0 0 0 0 0 0 0 0 0 0 0 0 0 0 0 0 0 0 0
explicit	0.18 0.02 0 0 0 0 0.41 0.05 0 0 0.01 0 0 0 0 0 0 0 0 0 0 0 0 0 0 0 0 0.12 0 0 0 0 0.02 0 0.06 0 0.04 0 0.04 0 0 0 0 0 0 0 0 0.01 0 0.04
_	0.2 0.01 0 0 0 0 0.52 0.02 0 0 0 0 0 0 0 0 0 0 0.02 0 0 0 0 0 0.01 0 0 0.08 0 0 0 0 0 0 0.05 0 0 0.01 0.04 0 0 0 0 0 0 0.01 0 0.01 0 0.02
blog	0.13 0.02 0 0 0 0 0.54 0.01 0 0 0 0 0 0 0 0 0 0 0 0 0 0 0 0 0 0 0 0.07 0 0 0 0 0.02 0 0.06 0 0.04 0 0.04 0 0 0 0 0 0 0.04 0 0 0 0.03
alexmaccaw	0.17 0.04 0 0 0 0 0.51 0.02 0 0 0 0 0 0 0 0 0 0 0 0 0 0 0 0 0 0 0 0.08 0 0 0 0 0.01 0 0.05 0.01 0.03 0.01 0.01 0 0 0 0 0 0 0.02 0 0.02 0 0.02
duration	0 0 0 0 0 0 2 0 0 0 0 0 0 0 0 0 0 0 0 0 0 0 0 0 0 0 0 0 0 0 0 0 0 0 0 0 0 0 0 0 0 0 0 0 0 0 0 0 0 0
called	3 0 0 0 0 0 0 0 0 0 0 0 0 0 0 0 0 0 0 0 0 0 0 0 0 0 0 0 0 0 0 0 0 0 0 0 0 0 0 0 0 0 0 0 0 0 0 0 0 0
special	0.17 0.04 0 0 0 0 0.45 0.02 0 0 0 0 0 0 0.01 0 0 0 0 0 0 0 0 0 0 0 0 0.08 0 0 0 0 0.04 0 0.08 0 0.01 0 0.02 0 0 0 0 0 0 0.03 0 0.01 0 0.04
bindtype	0.18 0.02 0 0 0 0 0.55 0.01 0 0 0 0 0 0 0 0 0 0 0.02 0 0 0 0 0 0 0 0 0.04 0 0 0 0 0 0 0.09 0 0.02 0 0.01 0 0 0 0 0 0 0.02 0 0.02 0 0.02
delegatetype	0.22 0.02 0 0 0 0 0.54 0.01 0 0 0 0 0 0 0 0 0 0 0 0 0 0 0.01 0 0 0 0 0.07 0 0 0 0 0.01 0 0.06 0 0.01 0 0 0 0 0 0 0 0 0.01 0 0 0 0.04
handleobj	0.21 0.04 0.01 0 0 0 0.49 0.01 0 0 0 0 0 0 0 0 0 0 0 0 0 0 0 0 0 0 0 0.09 0 0 0 0 0 0 0.05 0 0.03 0 0 0 0 0 0 0 0 0.03 0 0.01 0 0.03
handler	0.15 0.03 0 0 0 0 0.53 0.03 0 0 0 0 0 0 0 0 0 0 0 0 0 0 0 0 0.01 0 0 0.04 0 0 0 0 0.02 0 0.08 0 0.02 0 0.02 0 0 0 0 0 0 0.01 0 0.01 0 0.05
arguments	0.2 0.02 0 0 0 0 0.52 0 0 0 0 0 0 0 0 0 0 0 0.01 0 0 0 0 0 0 0 0 0.04 0 0 0 0 0.02 0 0.09 0 0.01 0 0.02 0 0 0 0 0 0 0.02 0 0.01 0 0.04
